20130300|0103000112|13/02/2013|01/03/2013|14|0001|0|0148128787|0|6|20331898008|LUZ DEL SUR|42.89|7.72|0.00|0.00|0.00|0.00|0.79|0.00|0.00|51.40|2.587|01/01/0001|00|-|-|-|01/01/0001|0|0|6|
20130300|0103000288|14/02/2013|27/02/2013|14|0001|0|0002048669|0|6|20100152356|SEDAPAL|191.19|34.41|0.00|0.00|0.00|0.00|0.00|0.00|0.00|225.60|2.594|01/01/0001|00|-|-|-|01/01/0001|0|0|6|
20130300|0103000289|14/02/2013|27/02/2013|14|0001|0|0002048388|0|6|20100152356|SEDAPAL|1104.06|198.73|0.00|0.00|0.00|0.00|0.00|0.00|0.00|1302.79|2.594|01/01/0001|00|-|-|-|01/01/0001|0|0|6|
20130300|0103000113|14/02/2013|04/03/2013|14|0L00|0|0052099122|0|6|20290000263|TELEFONICA MULTIMEDIA S.A.C.|110.93|19.97|0.00|0.00|0.00|0.00|0.00|0.00|0.00|130.90|2.593|01/01/0001|00|-|-|-|01/01/0001|0|0|6|
20130300|0103000446|21/02/2013||01|0001|0|0000000992|0|0|1323227536|SEPAL REPRODUCTIVE INTERNATIONAL|0.00|0.00|0.00|0.00|0.00|0.00|5036.85|0.00|0.00|5036.85|2.583|01/01/0001|00|-|-|-|01/01/0001|0|0|6|
20130300|0103000339|27/02/2013||01|0001|0|0000001299|0|6|20515853724|DOCTOR PC PERU EIRL|167.90|30.22|0.00|0.00|0.00|0.00|0.00|0.00|0.00|198.12|2.583|01/01/0001|00|-|-|-|01/01/0001|0|0|6|
20130300|0103000136|27/02/2013||12|0017|0|0000000568|0|6|20100070970|SUPERMERCADOS PERUANOS S.A.|37.79|6.80|0.00|0.00|0.00|0.00|0.00|0.00|0.00|44.59|2.598|01/01/0001|00|-|-|-|01/01/0001|0|0|6|
20130300|0103000287|28/02/2013|23/03/2013|14|T001|0|0106856057|0|6|20467534026|AMERICA MOVIL PERU  S.A.C. |1018.27|183.29|0.00|0.00|0.00|0.00|0.00|0.00|0.00|1201.56|0.000|01/01/0001|00|-|-|-|01/01/0001|0|0|6|
20130300|0103000180|28/02/2013|16/03/2013|14|0001|0|0106890233|0|6|20467534026|AMERICA MOVIL PERU  S.A.C. |371.06|66.79|0.00|0.00|0.00|0.00|0.00|0.00|0.00|437.85|2.581|01/01/0001|00|-|-|-|01/01/0001|0|0|6|
20130300|0103000125|28/02/2013||01|0006|0|0000102647|0|6|20338570041|PRAXAIR PERU S.R.L.|391.31|70.44|0.00|0.00|0.00|0.00|0.00|0.00|0.00|461.75|2.598|01/01/0001|00|-|-|-|01/01/0001|0|0|6|
20130300|0103000157|28/02/2013|15/03/2013|14|0001|0|0148656985|0|6|20331898008|LUZ DEL SUR|6612.24|1190.20|0.00|0.00|0.00|0.00|121.06|0.00|0.00|7923.50|2.581|01/01/0001|00|-|-|-|01/01/0001|0|0|6|
20130300|0103000228|28/02/2013||13|0001|0|0002714665|0|6|20432405525|PROCESOS MC PERU S.A.|885.70|159.43|0.00|0.00|0.00|0.00|0.00|0.00|0.00|1045.13|2.593|01/01/0001|00|-|-|-|01/01/0001|0|0|6|
20130300|0103000117|01/03/2013||12|0002|0|0000049505|0|6|20503840121|REPSOL COMERCIAL S.A.C.|84.75|15.25|0.00|0.00|0.00|0.00|0.00|0.00|0.00|100.00|2.587|01/01/0001|00|-|-|-|01/01/0001|0|0|1|
20130300|0103000119|01/03/2013||12|0003|0|0000079053|0|6|20503840121|REPSOL COMERCIAL S.A.C.|127.12|22.88|0.00|0.00|0.00|0.00|0.00|0.00|0.00|150.00|2.587|01/01/0001|00|-|-|-|01/01/0001|0|0|1|
20130300|0103000240|01/03/2013||01|0001|0|0000021170|0|6|20139640099|ASOCIACION DE CLINICAS PARTICULARES DEL PERU|0.00|0.00|0.00|0.00|0.00|0.00|150.00|0.00|0.00|150.00|2.587|01/01/0001|00|-|-|-|01/01/0001|0|0|1|
20130300|0103000045|01/03/2013||01|0005|0|0000059153|0|6|20147720492|LABORATORIOS ROE S.A|78.81|14.19|0.00|0.00|0.00|0.00|0.00|0.00|0.00|93.00|2.587|01/01/0001|00|-|-|-|01/01/0001|0|0|1|
20130300|0103000040|01/03/2013||01|0002|0|0000000035|0|6|10408542991|CACHAY LAZARTE CESAR AUGUSTO|151.69|27.31|0.00|0.00|0.00|0.00|0.00|0.00|0.00|179.00|2.587|01/01/0001|00|-|-|-|01/01/0001|0|0|1|
20130300|0103000022|01/03/2013||01|0003|0|0000086426|0|6|20100262291|COMINDENT TARRILLO BARBA S.A.C|81.00|14.58|0.00|0.00|0.00|0.00|0.00|0.00|0.00|95.58|2.587|01/01/0001|00|-|-|-|01/01/0001|0|0|1|
20130300|0103000204|01/03/2013|28/03/2013|14|0020|0|0000109127|0|6|20428698569|AMERICATEL PERU S.A.|12.16|2.19|0.00|0.00|0.00|0.00|0.00|0.00|0.00|14.35|2.587|01/01/0001|00|-|-|-|01/01/0001|0|0|1|
20130300|0103000337|01/03/2013||01|0014|0|0000274449|0|6|20431115825|PACIFICO S.A. ENT. PRESTADORA DE SALUD|0.00|0.00|0.00|0.00|0.00|0.00|704.96|0.00|0.00|704.96|2.587|01/01/0001|00|-|-|-|01/01/0001|0|0|1|
20130300|0103000336|01/03/2013||01|0014|0|0000274448|0|6|20431115825|PACIFICO S.A. ENT. PRESTADORA DE SALUD|0.00|0.00|0.00|0.00|0.00|0.00|2405.01|0.00|0.00|2405.01|2.587|01/01/0001|00|-|-|-|01/01/0001|0|0|1|
20130300|0103000039|01/03/2013||01|0005|0|0000014162|0|6|20124163693|BENITES, FORNO & UGAZ ABOGADOS S.CIVIL DE R.L.|2500.00|450.00|0.00|0.00|0.00|0.00|0.00|0.00|0.00|2950.00|2.587|01/01/0001|00|-|-|-|13/03/2013|0136414087|0|1|
20130300|0103000189|01/03/2013|18/03/2013|14|0050|0|0005657921|0|6|20467534026|AMERICA MOVIL PERU  S.A.C. |179.32|32.28|0.00|0.00|0.00|0.00|0.00|0.00|0.00|211.60|2.587|01/01/0001|00|-|-|-|01/01/0001|0|0|1|
20130300|0103000190|01/03/2013|28/03/2013|14|0050|0|0005747025|0|6|20467534026|AMERICA MOVIL PERU  S.A.C. |727.01|130.86|0.00|0.00|0.00|0.00|0.00|0.00|0.00|857.87|2.587|01/01/0001|00|-|-|-|01/01/0001|0|0|1|
20130300|0103000225|01/03/2013||01|0009|0|0004014993|0|6|20501426041|HIBU PERU S.A.C.|3433.36|618.00|0.00|0.00|0.00|0.00|0.00|0.00|0.00|4051.36|2.587|01/01/0001|00|-|-|-|01/01/0001|0|0|1|
20130300|0103000041|01/03/2013||01|0001|0|0000003291|0|6|10417867401|IPANAQUE OTINIANOLUIS ALBERTO|114.41|20.59|0.00|0.00|0.00|0.00|0.00|0.00|0.00|135.00|2.587|01/01/0001|00|-|-|-|01/01/0001|0|0|1|
20130300|0103000042|01/03/2013||01|0001|0|0000003292|0|6|10417867401|IPANAQUE OTINIANOLUIS ALBERTO|144.07|25.93|0.00|0.00|0.00|0.00|0.00|0.00|0.00|170.00|2.587|01/01/0001|00|-|-|-|01/01/0001|0|0|1|
20130300|0103000023|01/03/2013||01|0002|0|0000518898|0|6|20107254375|FERRETERIA PIEMONTESA S.R.LTDA.|58.82|10.59|0.00|0.00|0.00|0.00|0.00|0.00|0.00|69.41|2.587|01/01/0001|00|-|-|-|01/01/0001|0|0|1|
20130300|0103000124|01/03/2013||01|0375|0|0000368940|0|6|20100538203|APDAYC|0.00|0.00|0.00|0.00|0.00|0.00|105.00|0.00|0.00|105.00|2.587|01/01/0001|00|-|-|-|01/01/0001|0|0|1|
20130300|0103000008|01/03/2013||01|0001|0|0000018085|0|6|20514330761|BOTICA IGFARMA SAC|132.45|23.84|0.00|0.00|0.00|0.00|0.00|0.00|0.00|156.29|2.587|01/01/0001|00|-|-|-|01/01/0001|0|0|1|
20130300|0103000009|01/03/2013||01|0001|0|0000018086|0|6|20514330761|BOTICA IGFARMA SAC|133.84|24.09|0.00|0.00|0.00|0.00|0.00|0.00|0.00|157.93|2.587|01/01/0001|00|-|-|-|01/01/0001|0|0|1|
20130300|0103000010|01/03/2013||01|0001|0|0000018087|0|6|20514330761|BOTICA IGFARMA SAC|136.16|24.51|0.00|0.00|0.00|0.00|0.00|0.00|0.00|160.67|2.587|01/01/0001|00|-|-|-|01/01/0001|0|0|1|
20130300|0103000011|01/03/2013||01|0001|0|0000018088|0|6|20514330761|BOTICA IGFARMA SAC|135.81|24.44|0.00|0.00|0.00|0.00|0.00|0.00|0.00|160.25|2.587|01/01/0001|00|-|-|-|01/01/0001|0|0|1|
20130300|0103000012|01/03/2013||01|0001|0|0000018089|0|6|20514330761|BOTICA IGFARMA SAC|446.05|80.29|0.00|0.00|0.00|0.00|0.00|0.00|0.00|526.34|2.587|01/01/0001|00|-|-|-|01/01/0001|0|0|1|
20130300|0103000013|01/03/2013||01|0001|0|0000018091|0|6|20514330761|BOTICA IGFARMA SAC|313.54|56.44|0.00|0.00|0.00|0.00|0.00|0.00|0.00|369.98|2.587|01/01/0001|00|-|-|-|01/01/0001|0|0|1|
20130300|0103000006|01/03/2013||01|0001|0|0000018083|0|6|20514330761|BOTICA IGFARMA SAC|162.32|29.22|0.00|0.00|0.00|0.00|0.00|0.00|0.00|191.54|2.587|01/01/0001|00|-|-|-|01/01/0001|0|0|1|
20130300|0103000007|01/03/2013||01|0001|0|0000018084|0|6|20514330761|BOTICA IGFARMA SAC|248.72|44.77|0.00|0.00|0.00|0.00|0.00|0.00|0.00|293.49|2.587|01/01/0001|00|-|-|-|01/01/0001|0|0|1|
20130300|0103000003|01/03/2013||01|0001|0|0000018077|0|6|20514330761|BOTICA IGFARMA SAC|438.08|78.85|0.00|0.00|0.00|0.00|0.00|0.00|0.00|516.93|2.587|01/01/0001|00|-|-|-|01/01/0001|0|0|1|
20130300|0103000004|01/03/2013||01|0001|0|0000018078|0|6|20514330761|BOTICA IGFARMA SAC|282.47|50.85|0.00|0.00|0.00|0.00|0.00|0.00|0.00|333.32|2.587|01/01/0001|00|-|-|-|01/01/0001|0|0|1|
20130300|0103000001|01/03/2013||01|0001|0|0000018074|0|6|20514330761|BOTICA IGFARMA SAC|444.41|79.99|0.00|0.00|0.00|0.00|0.00|0.00|0.00|524.40|2.587|01/01/0001|00|-|-|-|01/01/0001|0|0|1|
20130300|0103000002|01/03/2013||01|0001|0|0000018075|0|6|20514330761|BOTICA IGFARMA SAC|208.35|37.50|0.00|0.00|0.00|0.00|0.00|0.00|0.00|245.85|0.000|01/01/0001|00|-|-|-|01/01/0001|0|0|1|
20130300|0103000005|01/03/2013||01|0001|0|0000018079|0|6|20514330761|BOTICA IGFARMA SAC|108.49|19.53|0.00|0.00|0.00|0.00|0.00|0.00|0.00|128.02|0.000|01/01/0001|00|-|-|-|01/01/0001|0|0|1|
20130300|0103000014|02/03/2013||01|0001|0|0000018092|0|6|20514330761|BOTICA IGFARMA SAC|8.72|1.57|0.00|0.00|0.00|0.00|0.00|0.00|0.00|10.29|2.593|01/01/0001|00|-|-|-|01/01/0001|0|0|1|
20130300|0103000015|02/03/2013||01|0001|0|0000018093|0|6|20514330761|BOTICA IGFARMA SAC|483.97|87.12|0.00|0.00|0.00|0.00|0.00|0.00|0.00|571.09|2.593|01/01/0001|00|-|-|-|01/01/0001|0|0|1|
20130300|0103000016|02/03/2013||01|0001|0|0000018094|0|6|20514330761|BOTICA IGFARMA SAC|317.24|57.10|0.00|0.00|0.00|0.00|0.00|0.00|0.00|374.34|2.593|01/01/0001|00|-|-|-|01/01/0001|0|0|1|
20130300|0103000017|02/03/2013||01|0001|0|0000018095|0|6|20514330761|BOTICA IGFARMA SAC|49.46|8.90|0.00|0.00|0.00|0.00|0.00|0.00|0.00|58.36|2.593|01/01/0001|00|-|-|-|01/01/0001|0|0|1|
20130300|0103000114|02/03/2013||12|0005|0|0000201845|0|6|20388829452|LASINO S.A.|16.14|2.91|0.00|0.00|0.00|0.00|1.45|0.00|0.00|20.50|2.593|01/01/0001|00|-|-|-|01/01/0001|0|0|1|
20130300|0103000072|02/03/2013||01|0003|0|0000000464|0|6|10070370269|SALOME LAZO ELEAZAR ALBINO|580.00|104.40|0.00|0.00|0.00|0.00|0.00|0.00|0.00|684.40|2.593|01/01/0001|00|-|-|-|01/01/0001|0|0|1|
20130300|0103000044|02/03/2013||01|0001|0|0000000802|0|6|20547359799|LAVA SPEED S.A.C.|124.80|22.46|0.00|0.00|0.00|0.00|0.00|0.00|0.00|147.26|2.593|01/01/0001|00|-|-|-|13/03/2013|0136414407|0|1|
20130300|0103000043|02/03/2013||01|0001|0|0000000801|0|6|20547359799|LAVA SPEED S.A.C.|1381.52|248.67|0.00|0.00|0.00|0.00|0.00|0.00|0.00|1630.19|2.593|01/01/0001|00|-|-|-|13/03/2013|0136414407|0|1|
20130300|0103000047|02/03/2013||01|0005|0|0000059165|0|6|20147720492|LABORATORIOS ROE S.A|23.73|4.27|0.00|0.00|0.00|0.00|0.00|0.00|0.00|28.00|2.593|01/01/0001|00|-|-|-|01/01/0001|0|0|1|
20130300|0103000046|02/03/2013||01|0005|0|0000059158|0|6|20147720492|LABORATORIOS ROE S.A|104.24|18.76|0.00|0.00|0.00|0.00|0.00|0.00|0.00|123.00|2.593|01/01/0001|00|-|-|-|01/01/0001|0|0|1|
20130300|0103000115|03/03/2013||12|0001|0|0000016496|0|6|20100123330|DELOSI S.A.|8.79|1.58|0.00|0.00|0.00|0.00|0.53|0.00|0.00|10.90|2.593|01/01/0001|00|-|-|-|01/01/0001|0|0|1|
20130300|0103000181|03/03/2013||12|0004|0|0000006957|0|6|20100123330|DELOSI S.A.|19.75|3.55|0.00|0.00|0.00|0.00|1.20|0.00|0.00|24.50|2.593|01/01/0001|00|-|-|-|01/01/0001|0|0|1|
20130300|0103000116|03/03/2013||12|0005|0|0000201888|0|6|20388829452|LASINO S.A.|10.25|1.84|0.00|0.00|0.00|0.00|0.91|0.00|0.00|13.00|2.593|01/01/0001|00|-|-|-|01/01/0001|0|0|1|
20130300|0103000050|03/03/2013||01|0421|0|0000042583|0|6|20338570041|PRAXAIR PERU S.R.L.|335.41|60.37|0.00|0.00|0.00|0.00|0.00|0.00|0.00|395.78|2.593|01/01/0001|00|-|-|-|01/01/0001|0|0|1|
20130300|0103000018|03/03/2013||01|0001|0|0000018097|0|6|20514330761|BOTICA IGFARMA SAC|697.47|125.55|0.00|0.00|0.00|0.00|0.00|0.00|0.00|823.02|2.593|01/01/0001|00|-|-|-|01/01/0001|0|0|1|
20130300|0103000019|03/03/2013||01|0001|0|0000018098|0|6|20514330761|BOTICA IGFARMA SAC|125.83|22.65|0.00|0.00|0.00|0.00|0.00|0.00|0.00|148.48|2.593|01/01/0001|00|-|-|-|01/01/0001|0|0|1|
20130300|0103000020|03/03/2013||01|0001|0|0000018099|0|6|20514330761|BOTICA IGFARMA SAC|141.48|25.47|0.00|0.00|0.00|0.00|0.00|0.00|0.00|166.95|2.593|01/01/0001|00|-|-|-|01/01/0001|0|0|1|
20130300|0103000021|03/03/2013||01|0001|0|0000018100|0|6|20514330761|BOTICA IGFARMA SAC|109.97|19.80|0.00|0.00|0.00|0.00|0.00|0.00|0.00|129.77|2.593|01/01/0001|00|-|-|-|01/01/0001|0|0|1|
20130300|0103000026|04/03/2013||01|0001|0|0000018103|0|6|20514330761|BOTICA IGFARMA SAC|288.01|51.84|0.00|0.00|0.00|0.00|0.00|0.00|0.00|339.85|2.593|01/01/0001|00|-|-|-|01/01/0001|0|0|1|
20130300|0103000027|04/03/2013||01|0001|0|0000018105|0|6|20514330761|BOTICA IGFARMA SAC|2.47|0.44|0.00|0.00|0.00|0.00|0.00|0.00|0.00|2.91|2.593|01/01/0001|00|-|-|-|01/01/0001|0|0|1|
20130300|0103000029|04/03/2013||01|0001|0|0000018108|0|6|20514330761|BOTICA IGFARMA SAC|516.95|93.05|0.00|0.00|0.00|0.00|0.00|0.00|0.00|610.00|2.593|01/01/0001|00|-|-|-|01/01/0001|0|0|1|
20130300|0103000030|04/03/2013||01|0001|0|0000018109|0|6|20514330761|BOTICA IGFARMA SAC|112.94|20.33|0.00|0.00|0.00|0.00|0.00|0.00|0.00|133.27|2.593|01/01/0001|00|-|-|-|01/01/0001|0|0|1|
20130300|0103000031|04/03/2013||01|0001|0|0000018114|0|6|20514330761|BOTICA IGFARMA SAC|131.96|23.75|0.00|0.00|0.00|0.00|0.00|0.00|0.00|155.71|2.593|01/01/0001|00|-|-|-|01/01/0001|0|0|1|
20130300|0103000032|04/03/2013||01|0001|0|0000018115|0|6|20514330761|BOTICA IGFARMA SAC|172.49|31.05|0.00|0.00|0.00|0.00|0.00|0.00|0.00|203.54|2.593|01/01/0001|00|-|-|-|01/01/0001|0|0|1|
20130300|0103000025|04/03/2013||01|0001|0|0000018102|0|6|20514330761|BOTICA IGFARMA SAC|499.43|89.90|0.00|0.00|0.00|0.00|0.00|0.00|0.00|589.33|2.593|01/01/0001|00|-|-|-|01/01/0001|0|0|1|
20130300|0103000028|04/03/2013||01|0001|0|0000018107|0|6|20514330761|BOTICA IGFARMA SAC|550.38|99.07|0.00|0.00|0.00|0.00|0.00|0.00|0.00|649.45|2.593|01/01/0001|00|-|-|-|01/01/0001|0|0|1|
20130300|0103000051|04/03/2013||01|0001|0|0000008738|0|6|20373649679|GINEFERT S.A.C.|134.96|24.29|0.00|0.00|0.00|0.00|0.00|0.00|0.00|159.25|2.593|01/01/0001|00|-|-|-|01/01/0001|0|0|1|
20130300|0103000024|04/03/2013||01|0002|0|0000519013|0|6|20107254375|FERRETERIA PIEMONTESA S.R.LTDA.|12.71|2.29|0.00|0.00|0.00|0.00|0.00|0.00|0.00|15.00|2.593|01/01/0001|00|-|-|-|01/01/0001|0|0|1|
20130300|0103000052|04/03/2013||01|0001|0|0000001221|0|6|10077996406|ROUILLON GALLESE MARIA ELENA|1310.17|235.83|0.00|0.00|0.00|0.00|0.00|0.00|0.00|1546.00|2.593|01/01/0001|00|-|-|-|06/03/2013|0134801491|0|1|
20130300|0103000053|04/03/2013||01|0001|0|0000001222|0|6|10077996406|ROUILLON GALLESE MARIA ELENA|5131.09|923.60|0.00|0.00|0.00|0.00|0.00|0.00|0.00|6054.69|2.593|01/01/0001|00|-|-|-|06/03/2013|0134801491|0|1|
20130300|0103000154|04/03/2013||01|0860|0|0000002673|0|6|20382072023|MESSER GASES DEL PERU S.A.|878.40|158.11|0.00|0.00|0.00|0.00|0.00|0.00|0.00|1036.51|2.593|01/01/0001|00|-|-|-|01/01/0001|0|0|1|
20130300|0103000048|04/03/2013||01|0005|0|0000059166|0|6|20147720492|LABORATORIOS ROE S.A|38.98|7.02|0.00|0.00|0.00|0.00|0.00|0.00|0.00|46.00|2.593|01/01/0001|00|-|-|-|01/01/0001|0|0|1|
20130300|0103000049|04/03/2013||01|0005|0|0000059167|0|6|20147720492|LABORATORIOS ROE S.A|33.90|6.10|0.00|0.00|0.00|0.00|0.00|0.00|0.00|40.00|2.593|01/01/0001|00|-|-|-|01/01/0001|0|0|1|
20130300|0103000442|04/03/2013||91|0003|0|1005842000|0|6|01800|AMERICAN FIDELITY ASSURANCE COMPANY|4123.44|742.22|0.00|0.00|0.00|0.00|0.00|0.00|0.00|4865.66|2.593|01/01/0001|00|-|-|1005842000|01/01/0001|0|0|1|
20130300|0103000443|04/03/2013||91|0003|0|1005843000|0|6|01800|AMERICAN FIDELITY ASSURANCE COMPANY|2414.37|434.58|0.00|0.00|0.00|0.00|0.00|0.00|0.00|2848.95|2.593|01/01/0001|00|-|-|1005843000|01/01/0001|0|0|1|
20130300|0103000444|04/03/2013||91|0003|0|1005844000|0|6|01800|AMERICAN FIDELITY ASSURANCE COMPANY|1805.12|324.92|0.00|0.00|0.00|0.00|0.00|0.00|0.00|2130.04|2.593|01/01/0001|00|-|-|1005844000|01/01/0001|0|0|1|
20130300|0103000445|04/03/2013||91|0003|0|1005845000|0|6|01800|AMERICAN FIDELITY ASSURANCE COMPANY|2177.58|391.96|0.00|0.00|0.00|0.00|0.00|0.00|0.00|2569.54|2.593|01/01/0001|00|-|-|1005845000|01/01/0001|0|0|1|
20130300|0103000057|05/03/2013||01|0001|0|0000005989|0|6|20543007430|ANRIC MEDIC INTERNACIONAL DRUGSTORE E.I.R.L.|425.01|76.50|0.00|0.00|0.00|0.00|0.00|0.00|0.00|501.51|2.598|01/01/0001|00|-|-|-|01/01/0001|0|0|1|
20130300|0103000134|05/03/2013||01|0001|0|0000000267|0|6|10100193171|QUISPE PARRA CESAR FELIPE|237.29|42.71|0.00|0.00|0.00|0.00|0.00|0.00|0.00|280.00|2.598|01/01/0001|00|-|-|-|01/01/0001|0|0|1|
20130300|0103000056|05/03/2013||01|0001|0|0000014862|0|6|20372321068|LIDERMED SA|130.00|23.40|0.00|0.00|0.00|0.00|0.00|0.00|0.00|153.40|2.598|01/01/0001|00|-|-|-|01/01/0001|0|0|1|
20130300|0103000101|05/03/2013||01|0005|0|0000059195|0|6|20147720492|LABORATORIOS ROE S.A|78.81|14.19|0.00|0.00|0.00|0.00|0.00|0.00|0.00|93.00|2.598|01/01/0001|00|-|-|-|01/01/0001|0|0|1|
20130300|0103000102|05/03/2013||01|0005|0|0000059196|0|6|20147720492|LABORATORIOS ROE S.A|443.22|79.78|0.00|0.00|0.00|0.00|0.00|0.00|0.00|523.00|2.598|01/01/0001|00|-|-|-|01/01/0001|0|0|1|
20130300|0103000099|05/03/2013||01|0005|0|0000059194|0|6|20147720492|LABORATORIOS ROE S.A|78.81|14.19|0.00|0.00|0.00|0.00|0.00|0.00|0.00|93.00|2.598|01/01/0001|00|-|-|-|01/01/0001|0|0|1|
20130300|0103000161|05/03/2013||01|0002|0|0000000751|0|6|20516305054|FERRETERIA MOYA E HIJOS S.A.C.|142.37|25.63|0.00|0.00|0.00|0.00|0.00|0.00|0.00|168.00|2.598|01/01/0001|00|-|-|-|01/01/0001|0|0|1|
20130300|0103000073|05/03/2013||01|0002|0|0000519188|0|6|20107254375|FERRETERIA PIEMONTESA S.R.LTDA.|121.61|21.89|0.00|0.00|0.00|0.00|0.00|0.00|0.00|143.50|2.598|01/01/0001|00|-|-|-|01/01/0001|0|0|1|
20130300|0103000055|05/03/2013||01|0002|0|0000519187|0|6|20107254375|FERRETERIA PIEMONTESA S.R.LTDA.|40.07|7.21|0.00|0.00|0.00|0.00|0.00|0.00|0.00|47.28|2.598|01/01/0001|00|-|-|-|01/01/0001|0|0|1|
20130300|0103000033|05/03/2013||01|0001|0|0000018116|0|6|20514330761|BOTICA IGFARMA SAC|174.42|31.39|0.00|0.00|0.00|0.00|0.00|0.00|0.00|205.81|2.598|01/01/0001|00|-|-|-|01/01/0001|0|0|1|
20130300|0103000037|05/03/2013||01|0001|0|0000018120|0|6|20514330761|BOTICA IGFARMA SAC|5.86|1.06|0.00|0.00|0.00|0.00|0.00|0.00|0.00|6.92|2.598|01/01/0001|00|-|-|-|01/01/0001|0|0|1|
20130300|0103000038|05/03/2013||01|0001|0|0000018121|0|6|20514330761|BOTICA IGFARMA SAC|261.04|46.99|0.00|0.00|0.00|0.00|0.00|0.00|0.00|308.03|2.598|01/01/0001|00|-|-|-|01/01/0001|0|0|1|
20130300|0103000034|05/03/2013||01|0001|0|0000018117|0|6|20514330761|BOTICA IGFARMA SAC|438.50|78.93|0.00|0.00|0.00|0.00|0.00|0.00|0.00|517.43|2.598|01/01/0001|00|-|-|-|01/01/0001|0|0|1|
20130300|0103000035|05/03/2013||01|0001|0|0000018118|0|6|20514330761|BOTICA IGFARMA SAC|60.61|10.91|0.00|0.00|0.00|0.00|0.00|0.00|0.00|71.52|2.598|01/01/0001|00|-|-|-|01/01/0001|0|0|1|
20130300|0103000036|05/03/2013||01|0001|0|0000018119|0|6|20514330761|BOTICA IGFARMA SAC|104.88|18.88|0.00|0.00|0.00|0.00|0.00|0.00|0.00|123.76|2.598|01/01/0001|00|-|-|-|01/01/0001|0|0|1|
20130300|0103000061|06/03/2013||01|0001|0|0000018126|0|6|20514330761|BOTICA IGFARMA SAC|5.78|1.04|0.00|0.00|0.00|0.00|0.00|0.00|0.00|6.82|2.598|01/01/0001|00|-|-|-|01/01/0001|0|0|1|
20130300|0103000062|06/03/2013||01|0001|0|0000018127|0|6|20514330761|BOTICA IGFARMA SAC|72.35|13.02|0.00|0.00|0.00|0.00|0.00|0.00|0.00|85.37|2.598|01/01/0001|00|-|-|-|01/01/0001|0|0|1|
20130300|0103000059|06/03/2013||01|0001|0|0000018124|0|6|20514330761|BOTICA IGFARMA SAC|1108.86|199.60|0.00|0.00|0.00|0.00|0.00|0.00|0.00|1308.46|2.598|01/01/0001|00|-|-|-|01/01/0001|0|0|1|
20130300|0103000063|06/03/2013||01|0001|0|0000018128|0|6|20514330761|BOTICA IGFARMA SAC|469.23|84.46|0.00|0.00|0.00|0.00|0.00|0.00|0.00|553.69|2.598|01/01/0001|00|-|-|-|01/01/0001|0|0|1|
20130300|0103000064|06/03/2013||01|0001|0|0000018129|0|6|20514330761|BOTICA IGFARMA SAC|520.32|93.66|0.00|0.00|0.00|0.00|0.00|0.00|0.00|613.98|2.598|01/01/0001|00|-|-|-|01/01/0001|0|0|1|
20130300|0103000065|06/03/2013||01|0001|0|0000018130|0|6|20514330761|BOTICA IGFARMA SAC|43.14|7.76|0.00|0.00|0.00|0.00|0.00|0.00|0.00|50.90|2.598|01/01/0001|00|-|-|-|01/01/0001|0|0|1|
20130300|0103000066|06/03/2013||01|0001|0|0000018131|0|6|20514330761|BOTICA IGFARMA SAC|540.12|97.22|0.00|0.00|0.00|0.00|0.00|0.00|0.00|637.34|2.598|01/01/0001|00|-|-|-|01/01/0001|0|0|1|
20130300|0103000074|06/03/2013||01|0436|0|0000015936|0|6|20338570041|PRAXAIR PERU S.R.L.|167.71|30.19|0.00|0.00|0.00|0.00|0.00|0.00|0.00|197.90|2.598|01/01/0001|00|-|-|-|01/01/0001|0|0|1|
20130300|0103000067|06/03/2013||01|0001|0|0000009623|0|6|20515339338|NACON DISTRIBUCIONES GENERALES EIRL|884.75|159.25|0.00|0.00|0.00|0.00|0.00|0.00|0.00|1044.00|2.598|01/01/0001|00|-|-|-|01/01/0001|0|0|1|
20130300|0103000068|06/03/2013||12|0016|0|0000000117|0|6|20100106915|E. WONG S.A.|66.41|11.95|0.00|0.00|0.00|0.00|0.00|0.00|0.00|78.35|2.598|01/01/0001|00|-|-|-|01/01/0001|0|0|1|
20130300|0103000100|06/03/2013||01|0005|0|0000059205|0|6|20147720492|LABORATORIOS ROE S.A|68.64|12.36|0.00|0.00|0.00|0.00|0.00|0.00|0.00|81.00|2.598|01/01/0001|00|-|-|-|01/01/0001|0|0|1|
20130300|0103000058|06/03/2013||01|0005|0|0000059206|0|6|20147720492|LABORATORIOS ROE S.A|78.81|14.19|0.00|0.00|0.00|0.00|0.00|0.00|0.00|93.00|2.598|01/01/0001|00|-|-|-|01/01/0001|0|0|1|
20130300|0103000075|06/03/2013||01|0001|0|0000014173|0|6|20522737063|A - SERVICES E.I.R.L.|150.00|27.00|0.00|0.00|0.00|0.00|0.00|0.00|0.00|177.00|2.598|01/01/0001|00|-|-|-|01/01/0001|0|0|1|
20130300|0103000054|06/03/2013||01|0001|0|0000000236|0|6|20547366817|V & S POLIBAGS SAC|606.30|109.13|0.00|0.00|0.00|0.00|0.00|0.00|0.00|715.43|2.598|01/01/0001|00|-|-|-|01/01/0001|0|0|1|
20130300|0103000060|06/03/2013||01|0001|0|0000018125|0|6|20514330761|BOTICA IGFARMA SAC|350.96|63.17|0.00|0.00|0.00|0.00|0.00|0.00|0.00|414.13|0.000|01/01/0001|00|-|-|-|01/01/0001|0|0|1|
20130300|0103000069|07/03/2013||01|0001|0|0000018135|0|6|20514330761|BOTICA IGFARMA SAC|387.14|69.68|0.00|0.00|0.00|0.00|0.00|0.00|0.00|456.82|2.597|01/01/0001|00|-|-|-|01/01/0001|0|0|1|
20130300|0103000071|07/03/2013||01|0001|0|0000018138|0|6|20514330761|BOTICA IGFARMA SAC|129.19|23.25|0.00|0.00|0.00|0.00|0.00|0.00|0.00|152.44|2.597|01/01/0001|00|-|-|-|01/01/0001|0|0|1|
20130300|0103000121|07/03/2013||01|0002|0|0000519360|0|6|20107254375|FERRETERIA PIEMONTESA S.R.LTDA.|38.31|6.89|0.00|0.00|0.00|0.00|0.00|0.00|0.00|45.20|2.597|01/01/0001|00|-|-|-|01/01/0001|0|0|1|
20130300|0103000077|07/03/2013||01|0002|0|0000519320|0|6|20107254375|FERRETERIA PIEMONTESA S.R.LTDA.|25.42|4.58|0.00|0.00|0.00|0.00|0.00|0.00|0.00|30.00|2.597|01/01/0001|00|-|-|-|01/01/0001|0|0|1|
20130300|0103000122|07/03/2013||01|0002|0|0000519319|0|6|20107254375|FERRETERIA PIEMONTESA S.R.LTDA.|16.53|2.97|0.00|0.00|0.00|0.00|0.00|0.00|0.00|19.50|2.597|01/01/0001|00|-|-|-|01/01/0001|0|0|1|
20130300|0103000070|07/03/2013||01|0001|0|0000018136|0|6|20514330761|BOTICA IGFARMA SAC|97.82|17.61|0.00|0.00|0.00|0.00|0.00|0.00|0.00|115.43|2.597|01/01/0001|00|-|-|-|01/01/0001|0|0|1|
20130300|0103000214|07/03/2013||01|0001|0|0000092853|0|6|20100901481|J&V RESGUARDOS S.A.C.|6077.54|1093.96|0.00|0.00|0.00|0.00|0.00|0.00|0.00|7171.50|2.597|01/01/0001|00|-|-|-|26/03/2013|0139501145|0|1|
20130300|0103000338|07/03/2013||07|0012|0|0000048958|0|6|20431115825|PACIFICO S.A. ENT. PRESTADORA DE SALUD|0.00|0.00|0.00|0.00|0.00|0.00|-234.99|0.00|0.00|-234.99|2.597|02/01/2013|01|0014|0000258569|-|01/01/0001|0|0|1|
20130300|0103000162|07/03/2013||01|0001|0|0000000157|0|6|20550084857|THE LED HOUSE E.I.R.L.|198.31|35.69|0.00|0.00|0.00|0.00|0.00|0.00|0.00|234.00|2.597|01/01/0001|00|-|-|-|01/01/0001|0|0|1|
20130300|0103000076|07/03/2013||01|0005|0|0000059220|0|6|20147720492|LABORATORIOS ROE S.A|35.59|6.41|0.00|0.00|0.00|0.00|0.00|0.00|0.00|42.00|2.597|01/01/0001|00|-|-|-|01/01/0001|0|0|1|
20130300|0103000283|08/03/2013||01|0005|0|0000059223|0|6|20147720492|LABORATORIOS ROE S.A|35.59|6.41|0.00|0.00|0.00|0.00|0.00|0.00|0.00|42.00|2.604|01/01/0001|00|-|-|-|01/01/0001|0|0|1|
20130300|0103000132|08/03/2013||01|0001|0|0000001936|0|6|20549312391|REPRESENTACIONES FERRETERA JORMISA E.I.R.L.|33.48|6.03|0.00|0.00|0.00|0.00|0.00|0.00|0.00|39.50|2.604|01/01/0001|00|-|-|-|01/01/0001|0|0|1|
20130300|0103000078|08/03/2013||01|0002|0|0000088596|0|6|20537321190|DIMERC PERU SAC|355.78|64.04|0.00|0.00|0.00|0.00|0.00|0.00|0.00|419.82|2.604|01/01/0001|00|-|-|-|01/01/0001|0|0|1|
20130300|0103000104|08/03/2013||01|0003|0|0000000465|0|6|10070370269|SALOME LAZO ELEAZAR ALBINO|610.00|109.80|0.00|0.00|0.00|0.00|0.00|0.00|0.00|719.80|2.604|01/01/0001|00|-|-|-|13/03/2013|0136413573|0|1|
20130300|0103000126|08/03/2013||01|0436|0|0000015958|0|6|20338570041|PRAXAIR PERU S.R.L.|111.80|20.12|0.00|0.00|0.00|0.00|0.00|0.00|0.00|131.92|2.604|01/01/0001|00|-|-|-|01/01/0001|0|0|1|
20130300|0103000103|08/03/2013||01|0002|0|0000001011|0|6|20255212347|SOCIEDAD PERUANA DE FERTILIDAD MATRIMONIAL|1750.00|315.00|0.00|0.00|0.00|0.00|0.00|0.00|0.00|2065.00|2.604|01/01/0001|00|-|-|-|13/03/2013|0136413046|0|1|
20130300|0103000160|08/03/2013||01|0001|0|0000000810|0|6|10076897749|TANTALEAN VASQUEZ ABEMILE|300.00|54.00|0.00|0.00|0.00|0.00|0.00|0.00|0.00|354.00|2.604|01/01/0001|00|-|-|-|01/01/0001|0|0|1|
20130300|0103000080|08/03/2013||01|0001|0|0000018141|0|6|20514330761|BOTICA IGFARMA SAC|141.29|25.43|0.00|0.00|0.00|0.00|0.00|0.00|0.00|166.72|2.604|01/01/0001|00|-|-|-|01/01/0001|0|0|1|
20130300|0103000079|08/03/2013||01|0001|0|0000018140|0|6|20514330761|BOTICA IGFARMA SAC|115.03|20.70|0.00|0.00|0.00|0.00|0.00|0.00|0.00|135.73|2.604|01/01/0001|00|-|-|-|01/01/0001|0|0|1|
20130300|0103000084|08/03/2013||01|0001|0|0000018145|0|6|20514330761|BOTICA IGFARMA SAC|153.52|27.63|0.00|0.00|0.00|0.00|0.00|0.00|0.00|181.15|2.604|01/01/0001|00|-|-|-|01/01/0001|0|0|1|
20130300|0103000086|08/03/2013||01|0001|0|0000018147|0|6|20514330761|BOTICA IGFARMA SAC|100.25|18.05|0.00|0.00|0.00|0.00|0.00|0.00|0.00|118.30|2.604|01/01/0001|00|-|-|-|01/01/0001|0|0|1|
20130300|0103000087|08/03/2013||01|0001|0|0000018148|0|6|20514330761|BOTICA IGFARMA SAC|412.03|74.16|0.00|0.00|0.00|0.00|0.00|0.00|0.00|486.19|2.604|01/01/0001|00|-|-|-|01/01/0001|0|0|1|
20130300|0103000088|08/03/2013||01|0001|0|0000018149|0|6|20514330761|BOTICA IGFARMA SAC|251.31|45.24|0.00|0.00|0.00|0.00|0.00|0.00|0.00|296.55|2.604|01/01/0001|00|-|-|-|01/01/0001|0|0|1|
20130300|0103000089|08/03/2013||01|0001|0|0000018150|0|6|20514330761|BOTICA IGFARMA SAC|144.08|25.94|0.00|0.00|0.00|0.00|0.00|0.00|0.00|170.02|2.604|01/01/0001|00|-|-|-|01/01/0001|0|0|1|
20130300|0103000082|08/03/2013||01|0001|0|0000018143|0|6|20514330761|BOTICA IGFARMA SAC|124.93|22.49|0.00|0.00|0.00|0.00|0.00|0.00|0.00|147.42|2.604|01/01/0001|00|-|-|-|01/01/0001|0|0|1|
20130300|0103000081|08/03/2013||01|0001|0|0000018142|0|6|20514330761|BOTICA IGFARMA SAC|111.45|20.06|0.00|0.00|0.00|0.00|0.00|0.00|0.00|131.51|2.604|01/01/0001|00|-|-|-|01/01/0001|0|0|1|
20130300|0103000085|08/03/2013||01|0001|0|0000018146|0|6|20514330761|BOTICA IGFARMA SAC|246.98|44.46|0.00|0.00|0.00|0.00|0.00|0.00|0.00|291.44|2.604|01/01/0001|00|-|-|-|01/01/0001|0|0|1|
20130300|0103000083|08/03/2013||01|0001|0|0000018144|0|6|20514330761|BOTICA IGFARMA SAC|502.72|90.49|0.00|0.00|0.00|0.00|0.00|0.00|0.00|593.21|2.604|01/01/0001|00|-|-|-|01/01/0001|0|0|1|
20130300|0103000090|09/03/2013||01|0001|0|0000018152|0|6|20514330761|BOTICA IGFARMA SAC|489.38|88.09|0.00|0.00|0.00|0.00|0.00|0.00|0.00|577.47|2.603|01/01/0001|00|-|-|-|01/01/0001|0|0|1|
20130300|0103000092|09/03/2013||01|0001|0|0000018154|0|6|20514330761|BOTICA IGFARMA SAC|160.53|28.89|0.00|0.00|0.00|0.00|0.00|0.00|0.00|189.42|2.603|01/01/0001|00|-|-|-|01/01/0001|0|0|1|
20130300|0103000091|09/03/2013||01|0001|0|0000018153|0|6|20514330761|BOTICA IGFARMA SAC|190.83|34.35|0.00|0.00|0.00|0.00|0.00|0.00|0.00|225.18|2.603|01/01/0001|00|-|-|-|01/01/0001|0|0|1|
20130300|0103000167|09/03/2013||12|0005|0|0000202899|0|6|20388829452|LASINO S.A.|16.14|2.91|0.00|0.00|0.00|0.00|1.45|0.00|0.00|20.50|2.603|01/01/0001|00|-|-|-|01/01/0001|0|0|1|
20130300|0103000135|09/03/2013||01|0001|0|0000003953|0|6|10105932273|RODRIGUEZ GUZMAN BEATRIZ CATHERINE|152.54|27.46|0.00|0.00|0.00|0.00|0.00|0.00|0.00|180.00|2.603|01/01/0001|00|-|-|-|01/01/0001|0|0|1|
20130300|0103000156|09/03/2013||01|0001|0|0000003952|0|6|10105932273|RODRIGUEZ GUZMAN BEATRIZ CATHERINE|418.64|75.36|0.00|0.00|0.00|0.00|0.00|0.00|0.00|494.00|2.603|01/01/0001|00|-|-|-|01/01/0001|0|0|1|
20130300|0103000133|09/03/2013||12|0001|0|0000009675|0|6|10078096352|OLIVER BROWN JAIME WILLIAM|84.75|15.25|0.00|0.00|0.00|0.00|0.00|0.00|0.00|100.00|2.603|01/01/0001|00|-|-|-|01/01/0001|0|0|1|
20130300|0103000128|09/03/2013||01|0001|0|0000000809|0|6|20547359799|LAVA SPEED S.A.C.|1334.90|240.28|0.00|0.00|0.00|0.00|0.00|0.00|0.00|1575.18|2.603|01/01/0001|00|-|-|-|18/03/2013|0137720705|0|1|
20130300|0103000129|09/03/2013||01|0001|0|0000000808|0|6|20547359799|LAVA SPEED S.A.C.|137.40|24.73|0.00|0.00|0.00|0.00|0.00|0.00|0.00|162.13|2.603|01/01/0001|00|-|-|-|18/03/2013|0137720705|0|1|
20130300|0103000188|10/03/2013|25/03/2013|14|0501|0|0008088464|0|6|20428698569|AMERICATEL PERU S.A.|10.00|1.80|0.00|0.00|0.00|0.00|0.00|0.00|0.00|11.80|2.603|01/01/0001|00|-|-|-|01/01/0001|0|0|1|
20130300|0103000179|10/03/2013|23/03/2013|14|0005|0|0709185988|0|6|20100017491|TELEFONICA DEL PERU S.A.A.|56.56|10.18|0.00|0.00|0.00|0.00|0.00|0.00|0.00|66.74|2.603|01/01/0001|00|-|-|-|01/01/0001|0|0|1|
20130300|0103000185|10/03/2013|25/03/2013|14|0004|0|0848031769|0|6|20100017491|TELEFONICA DEL PERU S.A.A.|91.95|16.55|0.00|0.00|0.00|0.00|0.00|0.00|0.00|108.50|2.603|01/01/0001|00|-|-|-|01/01/0001|0|0|1|
20130300|0103000186|10/03/2013|25/03/2013|14|0004|0|0848031770|0|6|20100017491|TELEFONICA DEL PERU S.A.A.|91.95|16.55|0.00|0.00|0.00|0.00|0.00|0.00|0.00|108.50|2.603|01/01/0001|00|-|-|-|01/01/0001|0|0|1|
20130300|0103000187|10/03/2013|25/03/2013|14|0004|0|0848031773|0|6|20100017491|TELEFONICA DEL PERU S.A.A.|96.19|17.31|0.00|0.00|0.00|0.00|0.00|0.00|0.00|113.50|2.603|01/01/0001|00|-|-|-|01/01/0001|0|0|1|
20130300|0103000183|10/03/2013|25/03/2013|14|0004|0|0848031767|0|6|20100017491|TELEFONICA DEL PERU S.A.A.|456.06|82.09|0.00|0.00|0.00|0.00|0.00|0.00|0.00|538.15|2.603|01/01/0001|00|-|-|-|01/01/0001|0|0|1|
20130300|0103000184|10/03/2013|25/03/2013|14|0004|0|0848031766|0|6|20100017491|TELEFONICA DEL PERU S.A.A.|70.98|12.78|0.00|0.00|0.00|0.00|0.00|0.00|0.00|83.75|2.603|01/01/0001|00|-|-|-|01/01/0001|0|0|1|
20130300|0103000438|10/03/2013|25/03/2013|14|0004|0|0848031774|0|6|20100017491|TELEFONICA DEL PERU S.A.A.|158.31|28.49|0.00|0.00|0.00|0.00|0.00|0.00|0.00|186.80|2.603|01/01/0001|00|-|-|-|01/01/0001|0|0|1|
20130300|0103000440|10/03/2013|25/03/2013|14|0004|0|0848031771|0|6|20100017491|TELEFONICA DEL PERU S.A.A.|91.95|16.55|0.00|0.00|0.00|0.00|0.00|0.00|0.00|108.50|2.603|01/01/0001|00|-|-|-|01/01/0001|0|0|1|
20130300|0103000439|10/03/2013|25/03/2013|14|0004|0|0848031768|0|6|20100017491|TELEFONICA DEL PERU S.A.A.|112.97|20.33|0.00|0.00|0.00|0.00|0.00|0.00|0.00|133.30|2.603|01/01/0001|00|-|-|-|01/01/0001|0|0|1|
20130300|0103000441|10/03/2013|25/03/2013|14|0004|0|0848031772|0|6|20100017491|TELEFONICA DEL PERU S.A.A.|133.90|24.10|0.00|0.00|0.00|0.00|0.00|0.00|0.00|158.00|2.603|01/01/0001|00|-|-|-|01/01/0001|0|0|1|
20130300|0103000164|10/03/2013||12|0171|0|0001150943|0|6|20507401881|GASBRA SAC|21.19|3.81|0.00|0.00|0.00|0.00|0.00|0.00|0.00|25.00|2.603|01/01/0001|00|-|-|-|01/01/0001|0|0|1|
20130300|0103000165|10/03/2013||12|0005|0|0000203022|0|6|20388829452|LASINO S.A.|18.50|3.33|0.00|0.00|0.00|0.00|1.67|0.00|0.00|23.50|2.603|01/01/0001|00|-|-|-|01/01/0001|0|0|1|
20130300|0103000127|10/03/2013||01|0435|0|0000019807|0|6|20338570041|PRAXAIR PERU S.R.L.|111.80|20.12|0.00|0.00|0.00|0.00|0.00|0.00|0.00|131.92|2.603|01/01/0001|00|-|-|-|01/01/0001|0|0|1|
20130300|0103000093|10/03/2013||01|0001|0|0000018156|0|6|20514330761|BOTICA IGFARMA SAC|1175.08|211.52|0.00|0.00|0.00|0.00|0.00|0.00|0.00|1386.60|2.603|01/01/0001|00|-|-|-|01/01/0001|0|0|1|
20130300|0103000095|10/03/2013||01|0001|0|0000018158|0|6|20514330761|BOTICA IGFARMA SAC|57.25|10.31|0.00|0.00|0.00|0.00|0.00|0.00|0.00|67.56|2.603|01/01/0001|00|-|-|-|01/01/0001|0|0|1|
20130300|0103000094|10/03/2013||01|0001|0|0000018157|0|6|20514330761|BOTICA IGFARMA SAC|522.47|94.05|0.00|0.00|0.00|0.00|0.00|0.00|0.00|616.52|0.000|01/01/0001|00|-|-|-|01/01/0001|0|0|1|
20130300|0103000105|11/03/2013||01|0001|0|0000018159|0|6|20514330761|BOTICA IGFARMA SAC|115.05|20.71|0.00|0.00|0.00|0.00|0.00|0.00|0.00|135.76|2.603|01/01/0001|00|-|-|-|01/01/0001|0|0|1|
20130300|0103000106|11/03/2013||01|0001|0|0000018161|0|6|20514330761|BOTICA IGFARMA SAC|141.80|25.52|0.00|0.00|0.00|0.00|0.00|0.00|0.00|167.32|2.603|01/01/0001|00|-|-|-|01/01/0001|0|0|1|
20130300|0103000107|11/03/2013||01|0001|0|0000018162|0|6|20514330761|BOTICA IGFARMA SAC|16.25|2.92|0.00|0.00|0.00|0.00|0.00|0.00|0.00|19.17|2.603|01/01/0001|00|-|-|-|01/01/0001|0|0|1|
20130300|0103000110|11/03/2013||01|0001|0|0000018165|0|6|20514330761|BOTICA IGFARMA SAC|148.97|26.81|0.00|0.00|0.00|0.00|0.00|0.00|0.00|175.78|2.603|01/01/0001|00|-|-|-|01/01/0001|0|0|1|
20130300|0103000111|11/03/2013||01|0001|0|0000018166|0|6|20514330761|BOTICA IGFARMA SAC|16.25|2.92|0.00|0.00|0.00|0.00|0.00|0.00|0.00|19.17|2.603|01/01/0001|00|-|-|-|01/01/0001|0|0|1|
20130300|0103000109|11/03/2013||01|0001|0|0000018164|0|6|20514330761|BOTICA IGFARMA SAC|123.21|22.18|0.00|0.00|0.00|0.00|0.00|0.00|0.00|145.39|2.603|01/01/0001|00|-|-|-|01/01/0001|0|0|1|
20130300|0103000108|11/03/2013||01|0001|0|0000018163|0|6|20514330761|BOTICA IGFARMA SAC|184.34|33.18|0.00|0.00|0.00|0.00|0.00|0.00|0.00|217.52|2.603|01/01/0001|00|-|-|-|01/01/0001|0|0|1|
20130300|0103000151|11/03/2013||01|0436|0|0000015979|0|6|20338570041|PRAXAIR PERU S.R.L.|111.80|20.12|0.00|0.00|0.00|0.00|0.00|0.00|0.00|131.92|2.603|01/01/0001|00|-|-|-|01/01/0001|0|0|1|
20130300|0103000211|11/03/2013||01|0001|0|0000002954|0|6|20262589286|UNIVERSO MEDICO S.A.C.|254.24|45.76|0.00|0.00|0.00|0.00|0.00|0.00|0.00|300.00|2.603|01/01/0001|00|-|-|-|01/01/0001|0|0|1|
20130300|0103000130|11/03/2013||01|0001|0|0000001223|0|6|10077996406|ROUILLON GALLESE MARIA ELENA|882.63|158.87|0.00|0.00|0.00|0.00|0.00|0.00|0.00|1041.50|2.603|01/01/0001|00|-|-|-|13/03/2013|0136413792|0|1|
20130300|0103000131|11/03/2013||01|0001|0|0000001224|0|6|10077996406|ROUILLON GALLESE MARIA ELENA|162.29|29.21|0.00|0.00|0.00|0.00|0.00|0.00|0.00|191.50|2.603|01/01/0001|00|-|-|-|13/03/2013|0136413792|0|1|
20130300|0103000254|11/03/2013||01|0001|0|0000020659|0|6|20372654385|SUAR SYS S.R. LTDA|49.34|8.88|0.00|0.00|0.00|0.00|0.00|0.00|0.00|58.22|2.603|01/01/0001|00|-|-|-|01/01/0001|0|0|1|
20130300|0103000152|11/03/2013||01|0001|0|0000000359|0|6|20536091042|VOICE & DATA ELECTRONIX S.A.C.|672.72|121.09|0.00|0.00|0.00|0.00|0.00|0.00|0.00|793.81|2.603|01/01/0001|00|-|-|-|01/01/0001|0|0|1|
20130300|0103000120|11/03/2013||01|0001|0|0000031200|0|6|20343466154|FERTI FARM S.A.C.|2012.95|362.33|0.00|0.00|0.00|0.00|0.00|0.00|0.00|2375.28|2.603|01/01/0001|00|-|-|-|01/01/0001|0|0|1|
20130300|0103000123|11/03/2013||01|0003|0|0000000466|0|6|10070370269|SALOME LAZO ELEAZAR ALBINO|630.00|113.40|0.00|0.00|0.00|0.00|0.00|0.00|0.00|743.40|2.603|01/01/0001|00|-|-|-|13/03/2013|0136413573|0|1|
20130300|0103000269|11/03/2013||01|0001|0|0000174951|0|6|20100139848|ASCENSORES SCHINDLER DEL PERU S.A.|709.76|127.76|0.00|0.00|0.00|0.00|0.00|0.00|0.00|837.52|2.603|01/01/0001|00|-|-|-|26/03/2013|0139500730|0|1|
20130300|0103000118|11/03/2013||01|0001|0|0000000009|0|6|20549708545|EXPERT INGENIERIA E INSTRUMENTOS PERU SAC|3250.00|585.00|0.00|0.00|0.00|0.00|0.00|0.00|0.00|3835.00|2.603|01/01/0001|00|-|-|-|01/01/0001|0|0|1|
20130300|0103000155|12/03/2013||01|0001|0|0000000102|0|6|10106421621|QUISPE PARRA FELICITAS NELVA|271.19|48.81|0.00|0.00|0.00|0.00|0.00|0.00|0.00|320.00|2.603|01/01/0001|00|-|-|-|01/01/0001|0|0|1|
20130300|0103000163|12/03/2013||01|0001|0|0000000924|0|6|20524403782|INVERSIONES LOGICOM S.A.C.|80.51|14.49|0.00|0.00|0.00|0.00|0.00|0.00|0.00|95.00|2.603|01/01/0001|00|-|-|-|01/01/0001|0|0|1|
20130300|0103000166|12/03/2013||01|0002|0|0000007130|0|6|20492493491|OPEN TECNOLOGIES S.A.C|101.69|18.30|0.00|0.00|0.00|0.00|0.00|0.00|0.00|120.00|2.603|01/01/0001|00|-|-|-|01/01/0001|0|0|1|
20130300|0103000159|12/03/2013||01|0001|0|0000000068|0|6|20549860843|CORPORACIÓN MEGAPRINT SAC|89.00|16.02|0.00|0.00|0.00|0.00|0.00|0.00|0.00|105.02|2.603|01/01/0001|00|-|-|-|01/01/0001|0|0|1|
20130300|0103000153|12/03/2013||01|0001|0|0000000269|0|6|10100193171|QUISPE PARRA CESAR FELIPE|593.22|106.78|0.00|0.00|0.00|0.00|0.00|0.00|0.00|700.00|2.603|01/01/0001|00|-|-|-|01/01/0001|0|0|1|
20130300|0103000207|12/03/2013||01|0001|0|0000000540|0|6|20509930431|INFINITY SUN S.A.C.|1093.22|196.78|0.00|0.00|0.00|0.00|0.00|0.00|0.00|1290.00|2.603|01/01/0001|00|-|-|-|01/01/0001|0|0|1|
20130300|0103000270|12/03/2013||01|0002|0|0000000882|0|6|10101138408|MELENDEZ VILLEGAS CLARA ISABEL|38.98|7.02|0.00|0.00|0.00|0.00|0.00|0.00|0.00|46.00|2.603|01/01/0001|00|-|-|-|01/01/0001|0|0|1|
20130300|0103000158|12/03/2013||01|0002|0|0000015251|0|6|20501549801|FERCO MEDICAL S.A.C.|457.63|82.37|0.00|0.00|0.00|0.00|0.00|0.00|0.00|540.00|2.603|01/01/0001|00|-|-|-|01/01/0001|0|0|1|
20130300|0103000323|12/03/2013|26/03/2013|14|0001|0|0003524405|0|6|20100152356|SEDAPAL|986.07|177.49|0.00|0.00|0.00|0.00|0.00|0.00|0.00|1163.56|2.603|01/01/0001|00|-|-|-|01/01/0001|0|0|1|
20130300|0103000324|12/03/2013|26/03/2013|14|0001|0|0003524693|0|6|20100152356|SEDAPAL|178.77|32.18|0.00|0.00|0.00|0.00|0.00|0.00|0.00|210.95|2.603|01/01/0001|00|-|-|-|01/01/0001|0|0|1|
20130300|0103000213|12/03/2013||01|0002|0|0000519708|0|6|20107254375|FERRETERIA PIEMONTESA S.R.LTDA.|81.19|14.61|0.00|0.00|0.00|0.00|0.00|0.00|0.00|95.80|2.603|01/01/0001|00|-|-|-|01/01/0001|0|0|1|
20130300|0103000137|12/03/2013||01|0004|0|0000025434|0|6|20102130023|LOCERIA PLASTICO CHANG E.I.R.L.|141.36|25.44|0.00|0.00|0.00|0.00|0.00|0.00|0.00|166.80|2.603|01/01/0001|00|-|-|-|01/01/0001|0|0|1|
20130300|0103000273|12/03/2013||12|0573|0|0001014939|0|6|20330033313|PERUANA DE ESTACIONES DE SERVICIOS S.A.C.|84.75|15.25|0.00|0.00|0.00|0.00|0.00|0.00|0.00|100.00|2.603|01/01/0001|00|-|-|-|01/01/0001|0|0|1|
20130300|0103000138|12/03/2013||01|0001|0|0000000653|0|6|20512949399|ANESTESIOLOGIA AVANZADA S.A.C.|2798.30|503.69|0.00|0.00|0.00|0.00|0.00|0.00|0.00|3301.99|2.603|01/01/0001|00|-|-|-|13/03/2013|0136414819|0|1|
20130300|0103000139|12/03/2013||01|0001|0|0000000654|0|6|20512949399|ANESTESIOLOGIA AVANZADA S.A.C.|4254.98|765.90|0.00|0.00|0.00|0.00|0.00|0.00|0.00|5020.88|2.603|01/01/0001|00|-|-|-|13/03/2013|0136414819|0|1|
20130300|0103000241|12/03/2013||01|0014|0|0000279505|0|6|20431115825|PACIFICO S.A. ENT. PRESTADORA DE SALUD|619.46|111.50|0.00|0.00|0.00|0.00|0.00|0.00|0.00|730.96|2.603|01/01/0001|00|-|-|-|01/01/0001|0|0|1|
20130300|0103000141|12/03/2013||01|0001|0|0000018171|0|6|20514330761|BOTICA IGFARMA SAC|217.79|39.20|0.00|0.00|0.00|0.00|0.00|0.00|0.00|256.99|2.603|01/01/0001|00|-|-|-|01/01/0001|0|0|1|
20130300|0103000140|12/03/2013||01|0001|0|0000018170|0|6|20514330761|BOTICA IGFARMA SAC|159.73|28.75|0.00|0.00|0.00|0.00|0.00|0.00|0.00|188.48|2.603|01/01/0001|00|-|-|-|01/01/0001|0|0|1|
20130300|0103000148|12/03/2013||01|0001|0|0000018178|0|6|20514330761|BOTICA IGFARMA SAC|95.48|17.19|0.00|0.00|0.00|0.00|0.00|0.00|0.00|112.67|2.603|01/01/0001|00|-|-|-|01/01/0001|0|0|1|
20130300|0103000149|12/03/2013||01|0001|0|0000018179|0|6|20514330761|BOTICA IGFARMA SAC|147.18|26.49|0.00|0.00|0.00|0.00|0.00|0.00|0.00|173.67|2.603|01/01/0001|00|-|-|-|01/01/0001|0|0|1|
20130300|0103000142|12/03/2013||01|0001|0|0000018172|0|6|20514330761|BOTICA IGFARMA SAC|244.47|44.00|0.00|0.00|0.00|0.00|0.00|0.00|0.00|288.47|2.603|01/01/0001|00|-|-|-|01/01/0001|0|0|1|
20130300|0103000143|12/03/2013||01|0001|0|0000018173|0|6|20514330761|BOTICA IGFARMA SAC|138.75|24.98|0.00|0.00|0.00|0.00|0.00|0.00|0.00|163.73|2.603|01/01/0001|00|-|-|-|01/01/0001|0|0|1|
20130300|0103000147|12/03/2013||01|0001|0|0000018177|0|6|20514330761|BOTICA IGFARMA SAC|106.02|19.08|0.00|0.00|0.00|0.00|0.00|0.00|0.00|125.10|2.603|01/01/0001|00|-|-|-|01/01/0001|0|0|1|
20130300|0103000150|12/03/2013||01|0001|0|0000018180|0|6|20514330761|BOTICA IGFARMA SAC|131.92|23.74|0.00|0.00|0.00|0.00|0.00|0.00|0.00|155.66|2.603|01/01/0001|00|-|-|-|01/01/0001|0|0|1|
20130300|0103000144|12/03/2013||01|0001|0|0000018174|0|6|20514330761|BOTICA IGFARMA SAC|140.73|25.33|0.00|0.00|0.00|0.00|0.00|0.00|0.00|166.06|2.603|01/01/0001|00|-|-|-|01/01/0001|0|0|1|
20130300|0103000145|12/03/2013||01|0001|0|0000018175|0|6|20514330761|BOTICA IGFARMA SAC|193.36|34.80|0.00|0.00|0.00|0.00|0.00|0.00|0.00|228.16|2.603|01/01/0001|00|-|-|-|01/01/0001|0|0|1|
20130300|0103000146|12/03/2013||01|0001|0|0000018176|0|6|20514330761|BOTICA IGFARMA SAC|161.82|29.13|0.00|0.00|0.00|0.00|0.00|0.00|0.00|190.95|2.603|01/01/0001|00|-|-|-|01/01/0001|0|0|1|
20130300|0103000174|13/03/2013||01|0001|0|0000018188|0|6|20514330761|BOTICA IGFARMA SAC|197.65|35.58|0.00|0.00|0.00|0.00|0.00|0.00|0.00|233.23|2.591|01/01/0001|00|-|-|-|01/01/0001|0|0|1|
20130300|0103000168|13/03/2013||01|0001|0|0000018181|0|6|20514330761|BOTICA IGFARMA SAC|172.18|30.99|0.00|0.00|0.00|0.00|0.00|0.00|0.00|203.17|2.591|01/01/0001|00|-|-|-|01/01/0001|0|0|1|
20130300|0103000169|13/03/2013||01|0001|0|0000018182|0|6|20514330761|BOTICA IGFARMA SAC|153.74|27.67|0.00|0.00|0.00|0.00|0.00|0.00|0.00|181.41|2.591|01/01/0001|00|-|-|-|01/01/0001|0|0|1|
20130300|0103000170|13/03/2013||01|0001|0|0000018183|0|6|20514330761|BOTICA IGFARMA SAC|139.95|25.19|0.00|0.00|0.00|0.00|0.00|0.00|0.00|165.14|2.591|01/01/0001|00|-|-|-|01/01/0001|0|0|1|
20130300|0103000171|13/03/2013||01|0001|0|0000018184|0|6|20514330761|BOTICA IGFARMA SAC|84.69|15.25|0.00|0.00|0.00|0.00|0.00|0.00|0.00|99.94|2.591|01/01/0001|00|-|-|-|01/01/0001|0|0|1|
20130300|0103000172|13/03/2013||01|0001|0|0000018185|0|6|20514330761|BOTICA IGFARMA SAC|182.55|32.86|0.00|0.00|0.00|0.00|0.00|0.00|0.00|215.41|2.591|01/01/0001|00|-|-|-|01/01/0001|0|0|1|
20130300|0103000177|13/03/2013||01|0001|0|0000018191|0|6|20514330761|BOTICA IGFARMA SAC|420.73|75.73|0.00|0.00|0.00|0.00|0.00|0.00|0.00|496.46|2.591|01/01/0001|00|-|-|-|01/01/0001|0|0|1|
20130300|0103000178|13/03/2013||01|0001|0|0000018192|0|6|20514330761|BOTICA IGFARMA SAC|145.25|26.15|0.00|0.00|0.00|0.00|0.00|0.00|0.00|171.40|2.591|01/01/0001|00|-|-|-|01/01/0001|0|0|1|
20130300|0103000175|13/03/2013||01|0001|0|0000018189|0|6|20514330761|BOTICA IGFARMA SAC|184.11|33.14|0.00|0.00|0.00|0.00|0.00|0.00|0.00|217.25|2.591|01/01/0001|00|-|-|-|01/01/0001|0|0|1|
20130300|0103000176|13/03/2013||01|0001|0|0000018190|0|6|20514330761|BOTICA IGFARMA SAC|165.09|29.72|0.00|0.00|0.00|0.00|0.00|0.00|0.00|194.81|2.591|01/01/0001|00|-|-|-|01/01/0001|0|0|1|
20130300|0103000210|13/03/2013||01|0436|0|0000016004|0|6|20338570041|PRAXAIR PERU S.R.L.|111.80|20.12|0.00|0.00|0.00|0.00|0.00|0.00|0.00|131.92|2.591|01/01/0001|00|-|-|-|01/01/0001|0|0|1|
20130300|0103000209|13/03/2013||01|0002|0|0000519743|0|6|20107254375|FERRETERIA PIEMONTESA S.R.LTDA.|92.12|16.58|0.00|0.00|0.00|0.00|0.00|0.00|0.00|108.70|2.591|01/01/0001|00|-|-|-|01/01/0001|0|0|1|
20130300|0103000274|13/03/2013||12|0761|0|0001043378|0|6|20330033313|PERUANA DE ESTACIONES DE SERVICIOS S.A.C.|84.75|15.25|0.00|0.00|0.00|0.00|0.00|0.00|0.00|100.00|2.591|01/01/0001|00|-|-|-|01/01/0001|0|0|1|
20130300|0103000276|13/03/2013||01|0001|0|0000022525|0|6|10082663792|ROVEGNO OLIVA SANTIAGO EDUARDO|9.32|1.68|0.00|0.00|0.00|0.00|0.00|0.00|0.00|11.00|2.591|01/01/0001|00|-|-|-|01/01/0001|0|0|1|
20130300|0103000284|13/03/2013||01|0005|0|0000059281|0|6|20147720492|LABORATORIOS ROE S.A|78.81|14.19|0.00|0.00|0.00|0.00|0.00|0.00|0.00|93.00|2.591|01/01/0001|00|-|-|-|01/01/0001|0|0|1|
20130300|0103000424|13/03/2013||01|0005|0|0000059282|0|6|20147720492|LABORATORIOS ROE S.A|116.10|20.90|0.00|0.00|0.00|0.00|0.00|0.00|0.00|137.00|2.591|01/01/0001|00|-|-|-|01/01/0001|0|0|1|
20130300|0103000275|13/03/2013||01|0007|0|0000002551|0|6|20100675961|COMERCIAL E INDUSTRIAL BRANFISA S.A.|318.64|57.36|0.00|0.00|0.00|0.00|0.00|0.00|0.00|376.00|2.591|01/01/0001|00|-|-|-|01/01/0001|0|0|1|
20130300|0103000226|13/03/2013||01|0001|0|0000001757|0|6|20492623459|ELECTRONICS SYSTEMS PROTECTION SERVICE S.A.C.|3109.20|559.66|0.00|0.00|0.00|0.00|0.00|0.00|0.00|3668.86|2.591|01/01/0001|00|-|-|-|01/01/0001|0|0|1|
20130300|0103000205|13/03/2013||01|0001|0|0000006111|0|6|20543007430|ANRIC MEDIC INTERNACIONAL DRUGSTORE E.I.R.L.|516.62|92.99|0.00|0.00|0.00|0.00|0.00|0.00|0.00|609.61|2.591|01/01/0001|00|-|-|-|01/01/0001|0|0|1|
20130300|0103000173|13/03/2013||01|0001|0|0000018186|0|6|20514330761|BOTICA IGFARMA SAC|140.47|25.28|0.00|0.00|0.00|0.00|0.00|0.00|0.00|165.75|0.000|01/01/0001|00|-|-|-|01/01/0001|0|0|1|
20130300|0103000194|14/03/2013||01|0001|0|0000018196|0|6|20514330761|BOTICA IGFARMA SAC|121.44|21.86|0.00|0.00|0.00|0.00|0.00|0.00|0.00|143.30|2.593|01/01/0001|00|-|-|-|01/01/0001|0|0|1|
20130300|0103000192|14/03/2013||01|0001|0|0000018194|0|6|20514330761|BOTICA IGFARMA SAC|139.49|25.11|0.00|0.00|0.00|0.00|0.00|0.00|0.00|164.60|2.593|01/01/0001|00|-|-|-|01/01/0001|0|0|1|
20130300|0103000196|14/03/2013||01|0001|0|0000018198|0|6|20514330761|BOTICA IGFARMA SAC|1030.73|185.53|0.00|0.00|0.00|0.00|0.00|0.00|0.00|1216.26|2.593|01/01/0001|00|-|-|-|01/01/0001|0|0|1|
20130300|0103000199|14/03/2013||01|0001|0|0000018201|0|6|20514330761|BOTICA IGFARMA SAC|93.89|16.90|0.00|0.00|0.00|0.00|0.00|0.00|0.00|110.79|2.593|01/01/0001|00|-|-|-|01/01/0001|0|0|1|
20130300|0103000200|14/03/2013||01|0001|0|0000018203|0|6|20514330761|BOTICA IGFARMA SAC|181.27|32.63|0.00|0.00|0.00|0.00|0.00|0.00|0.00|213.90|2.593|01/01/0001|00|-|-|-|01/01/0001|0|0|1|
20130300|0103000197|14/03/2013||01|0001|0|0000018199|0|6|20514330761|BOTICA IGFARMA SAC|144.43|26.00|0.00|0.00|0.00|0.00|0.00|0.00|0.00|170.43|2.593|01/01/0001|00|-|-|-|01/01/0001|0|0|1|
20130300|0103000201|14/03/2013||01|0001|0|0000018204|0|6|20514330761|BOTICA IGFARMA SAC|138.47|24.93|0.00|0.00|0.00|0.00|0.00|0.00|0.00|163.40|2.593|01/01/0001|00|-|-|-|01/01/0001|0|0|1|
20130300|0103000202|14/03/2013||01|0001|0|0000018205|0|6|20514330761|BOTICA IGFARMA SAC|137.78|24.80|0.00|0.00|0.00|0.00|0.00|0.00|0.00|162.58|2.593|01/01/0001|00|-|-|-|01/01/0001|0|0|1|
20130300|0103000203|14/03/2013||01|0001|0|0000018206|0|6|20514330761|BOTICA IGFARMA SAC|188.64|33.96|0.00|0.00|0.00|0.00|0.00|0.00|0.00|222.60|2.593|01/01/0001|00|-|-|-|01/01/0001|0|0|1|
20130300|0103000195|14/03/2013||01|0001|0|0000018197|0|6|20514330761|BOTICA IGFARMA SAC|364.97|65.69|0.00|0.00|0.00|0.00|0.00|0.00|0.00|430.66|2.593|01/01/0001|00|-|-|-|01/01/0001|0|0|1|
20130300|0103000375|14/03/2013||01|0001|0|0000003010|0|6|20515473654|CVDI SAC|69.00|12.42|0.00|0.00|0.00|0.00|0.00|0.00|0.00|81.42|2.593|01/01/0001|00|-|-|-|01/01/0001|0|0|1|
20130300|0103000182|14/03/2013||01|0001|0|0000001466|0|6|20512208976|NET PEDIATRIKA E.I.R.L.|13645.35|2456.16|0.00|0.00|0.00|0.00|0.00|0.00|0.00|16101.51|2.593|01/01/0001|00|-|-|-|18/03/2013|0137720065|0|1|
20130300|0103000212|14/03/2013||01|0001|0|0000000443|0|6|20509996963|LPG INGENIERIA Y VALUACIONES E.I.R.L.|1763.24|317.38|0.00|0.00|0.00|0.00|0.00|0.00|0.00|2080.62|2.593|01/01/0001|00|-|-|-|18/03/2013|0137719605|0|1|
20130300|0103000191|14/03/2013||01|0001|0|0000004613|0|6|20290960402|MEDIC SUPPS S.A.|127.12|22.88|0.00|0.00|0.00|0.00|0.00|0.00|0.00|150.00|2.593|01/01/0001|00|-|-|-|01/01/0001|0|0|1|
20130300|0103000193|14/03/2013||01|0001|0|0000018195|0|6|20514330761|BOTICA IGFARMA SAC|294.79|53.06|0.00|0.00|0.00|0.00|0.00|0.00|0.00|347.85|0.000|01/01/0001|00|-|-|-|01/01/0001|0|0|1|
20130300|0103000198|14/03/2013||01|0001|0|0000018200|0|6|20514330761|BOTICA IGFARMA SAC|148.00|26.64|0.00|0.00|0.00|0.00|0.00|0.00|0.00|174.64|0.000|01/01/0001|00|-|-|-|01/01/0001|0|0|1|
20130300|0103000218|15/03/2013||01|0001|0|0000018212|0|6|20514330761|BOTICA IGFARMA SAC|191.67|34.50|0.00|0.00|0.00|0.00|0.00|0.00|0.00|226.17|2.594|01/01/0001|00|-|-|-|01/01/0001|0|0|1|
20130300|0103000215|15/03/2013||01|0001|0|0000018208|0|6|20514330761|BOTICA IGFARMA SAC|189.40|34.09|0.00|0.00|0.00|0.00|0.00|0.00|0.00|223.49|2.594|01/01/0001|00|-|-|-|01/01/0001|0|0|1|
20130300|0103000217|15/03/2013||01|0001|0|0000018211|0|6|20514330761|BOTICA IGFARMA SAC|40.35|7.26|0.00|0.00|0.00|0.00|0.00|0.00|0.00|47.61|2.594|01/01/0001|00|-|-|-|01/01/0001|0|0|1|
20130300|0103000216|15/03/2013||01|0001|0|0000018210|0|6|20514330761|BOTICA IGFARMA SAC|423.50|76.23|0.00|0.00|0.00|0.00|0.00|0.00|0.00|499.73|2.594|01/01/0001|00|-|-|-|01/01/0001|0|0|1|
20130300|0103000208|15/03/2013||01|0001|0|0000000372|0|6|20518223403|JMAK S.A.C.|347.46|62.54|0.00|0.00|0.00|0.00|0.00|0.00|0.00|410.00|2.594|01/01/0001|00|-|-|-|01/01/0001|0|0|1|
20130300|0103000242|15/03/2013||01|0002|0|0000519984|0|6|20107254375|FERRETERIA PIEMONTESA S.R.LTDA.|58.98|10.62|0.00|0.00|0.00|0.00|0.00|0.00|0.00|69.60|2.594|01/01/0001|00|-|-|-|01/01/0001|0|0|1|
20130300|0103000206|15/03/2013||01|0001|0|0000000583|0|6|10101634197|CUENTAS ICHO YONG WILMER|762.71|137.29|0.00|0.00|0.00|0.00|0.00|0.00|0.00|900.00|2.594|01/01/0001|00|-|-|-|01/01/0001|0|0|1|
20130300|0103000277|15/03/2013||01|0436|0|0000016028|0|6|20338570041|PRAXAIR PERU S.R.L.|223.61|40.25|0.00|0.00|0.00|0.00|0.00|0.00|0.00|263.86|2.594|01/01/0001|00|-|-|-|01/01/0001|0|0|1|
20130300|0103000219|15/03/2013||01|0001|0|0000018213|0|6|20514330761|BOTICA IGFARMA SAC|265.64|47.82|0.00|0.00|0.00|0.00|0.00|0.00|0.00|313.46|2.594|01/01/0001|00|-|-|-|01/01/0001|0|0|1|
20130300|0103000221|16/03/2013||01|0001|0|0000018215|0|6|20514330761|BOTICA IGFARMA SAC|19.74|3.55|0.00|0.00|0.00|0.00|0.00|0.00|0.00|23.29|2.593|01/01/0001|00|-|-|-|01/01/0001|0|0|1|
20130300|0103000220|16/03/2013||01|0001|0|0000018214|0|6|20514330761|BOTICA IGFARMA SAC|359.78|64.76|0.00|0.00|0.00|0.00|0.00|0.00|0.00|424.54|2.593|01/01/0001|00|-|-|-|01/01/0001|0|0|1|
20130300|0103000222|16/03/2013||01|0001|0|0000018216|0|6|20514330761|BOTICA IGFARMA SAC|430.34|77.46|0.00|0.00|0.00|0.00|0.00|0.00|0.00|507.80|2.593|01/01/0001|00|-|-|-|01/01/0001|0|0|1|
20130300|0103000227|16/03/2013||01|0007|0|0000063157|0|6|20144109458|DARYZA S.A.C.|171.25|30.83|0.00|0.00|0.00|0.00|0.00|0.00|0.00|202.08|2.594|01/01/0001|00|-|-|-|01/01/0001|0|0|1|
20130300|0103000279|16/03/2013||12|0010|0|0000015800|0|6|20100313201|COMERCIAL OWN S.A.|19.14|3.45|0.00|0.00|0.00|0.00|1.91|0.00|0.00|24.50|2.594|01/01/0001|00|-|-|-|01/01/0001|0|0|1|
20130300|0103000223|16/03/2013||01|0001|0|0000018217|0|6|20514330761|BOTICA IGFARMA SAC|323.14|58.17|0.00|0.00|0.00|0.00|0.00|0.00|0.00|381.31|2.593|01/01/0001|00|-|-|-|01/01/0001|0|0|1|
20130300|0103000224|16/03/2013||01|0001|0|0000018218|0|6|20514330761|BOTICA IGFARMA SAC|7.92|1.42|0.00|0.00|0.00|0.00|0.00|0.00|0.00|9.34|2.593|01/01/0001|00|-|-|-|01/01/0001|0|0|1|
20130300|0103000249|16/03/2013||01|0001|0|0000000817|0|6|20547359799|LAVA SPEED S.A.C.|121.80|21.92|0.00|0.00|0.00|0.00|0.00|0.00|0.00|143.72|2.594|01/01/0001|00|-|-|-|26/03/2013|0139501780|0|1|
20130300|0103000248|16/03/2013||01|0001|0|0000000816|0|6|20547359799|LAVA SPEED S.A.C.|1323.00|238.14|0.00|0.00|0.00|0.00|0.00|0.00|0.00|1561.14|2.594|01/01/0001|00|-|-|-|26/03/2013|0139501780|0|1|
20130300|0103000250|16/03/2013||01|0001|0|0000000818|0|6|20547359799|LAVA SPEED S.A.C.|470.00|84.60|0.00|0.00|0.00|0.00|0.00|0.00|0.00|554.60|2.594|01/01/0001|00|-|-|-|26/03/2013|0139501780|0|1|
20130300|0103000281|17/03/2013||12|0005|0|0000204364|0|6|20388829452|LASINO S.A.|10.25|1.84|0.00|0.00|0.00|0.00|0.91|0.00|0.00|13.00|2.594|01/01/0001|00|-|-|-|01/01/0001|0|0|1|
20130300|0103000280|17/03/2013||12|0005|0|0000204259|0|6|20388829452|LASINO S.A.|10.25|1.84|0.00|0.00|0.00|0.00|0.91|0.00|0.00|13.00|2.594|01/01/0001|00|-|-|-|01/01/0001|0|0|1|
20130300|0103000247|18/03/2013||01|0001|0|0000000655|0|6|20513767651|SOLUCIONES GENETICAS SAC|271.19|48.81|0.00|0.00|0.00|0.00|0.00|0.00|0.00|320.00|2.593|01/01/0001|00|-|-|-|01/01/0001|0|0|1|
20130300|0103000245|18/03/2013||01|0001|0|0000001225|0|6|10077996406|ROUILLON GALLESE MARIA ELENA|855.09|153.92|0.00|0.00|0.00|0.00|0.00|0.00|0.00|1009.00|2.593|01/01/0001|00|-|-|-|19/03/2013|0138065261|0|1|
20130300|0103000246|18/03/2013||01|0001|0|0000001226|0|6|10077996406|ROUILLON GALLESE MARIA ELENA|135.17|24.33|0.00|0.00|0.00|0.00|0.00|0.00|0.00|159.50|2.593|01/01/0001|00|-|-|-|19/03/2013|0138065261|0|1|
20130300|0103000255|18/03/2013||01|0001|0|0000020697|0|6|20372654385|SUAR SYS S.R. LTDA|110.16|19.83|0.00|0.00|0.00|0.00|0.00|0.00|0.00|129.99|2.593|01/01/0001|00|-|-|-|01/01/0001|0|0|1|
20130300|0103000307|18/03/2013||01|0860|0|0000002697|0|6|20382072023|MESSER GASES DEL PERU S.A.|878.40|158.11|0.00|0.00|0.00|0.00|0.00|0.00|0.00|1036.51|2.593|01/01/0001|00|-|-|-|01/01/0001|0|0|1|
20130300|0103000286|18/03/2013||01|0436|0|0000016038|0|6|20338570041|PRAXAIR PERU S.R.L.|167.71|30.19|0.00|0.00|0.00|0.00|0.00|0.00|0.00|197.90|2.593|01/01/0001|00|-|-|-|01/01/0001|0|0|1|
20130300|0103000234|18/03/2013||01|0001|0|0000018229|0|6|20514330761|BOTICA IGFARMA SAC|296.62|53.39|0.00|0.00|0.00|0.00|0.00|0.00|0.00|350.01|2.593|01/01/0001|00|-|-|-|01/01/0001|0|0|1|
20130300|0103000233|18/03/2013||01|0001|0|0000018228|0|6|20514330761|BOTICA IGFARMA SAC|390.72|70.33|0.00|0.00|0.00|0.00|0.00|0.00|0.00|461.05|2.593|01/01/0001|00|-|-|-|01/01/0001|0|0|1|
20130300|0103000232|18/03/2013||01|0001|0|0000018227|0|6|20514330761|BOTICA IGFARMA SAC|678.08|122.06|0.00|0.00|0.00|0.00|0.00|0.00|0.00|800.14|2.593|01/01/0001|00|-|-|-|01/01/0001|0|0|1|
20130300|0103000229|18/03/2013||01|0001|0|0000018220|0|6|20514330761|BOTICA IGFARMA SAC|251.27|45.23|0.00|0.00|0.00|0.00|0.00|0.00|0.00|296.50|2.593|01/01/0001|00|-|-|-|01/01/0001|0|0|1|
20130300|0103000230|18/03/2013||01|0001|0|0000018221|0|6|20514330761|BOTICA IGFARMA SAC|137.48|24.75|0.00|0.00|0.00|0.00|0.00|0.00|0.00|162.23|2.593|01/01/0001|00|-|-|-|01/01/0001|0|0|1|
20130300|0103000231|18/03/2013||01|0001|0|0000018222|0|6|20514330761|BOTICA IGFARMA SAC|114.43|20.60|0.00|0.00|0.00|0.00|0.00|0.00|0.00|135.03|2.593|01/01/0001|00|-|-|-|01/01/0001|0|0|1|
20130300|0103000235|18/03/2013||01|0001|0|0000018230|0|6|20514330761|BOTICA IGFARMA SAC|180.52|32.49|0.00|0.00|0.00|0.00|0.00|0.00|0.00|213.01|2.593|01/01/0001|00|-|-|-|01/01/0001|0|0|1|
20130300|0103000236|18/03/2013||01|0001|0|0000018231|0|6|20514330761|BOTICA IGFARMA SAC|299.04|53.83|0.00|0.00|0.00|0.00|0.00|0.00|0.00|352.87|2.593|01/01/0001|00|-|-|-|01/01/0001|0|0|1|
20130300|0103000237|18/03/2013||01|0001|0|0000018232|0|6|20514330761|BOTICA IGFARMA SAC|215.32|38.76|0.00|0.00|0.00|0.00|0.00|0.00|0.00|254.08|2.593|01/01/0001|00|-|-|-|01/01/0001|0|0|1|
20130300|0103000238|18/03/2013||01|0001|0|0000018234|0|6|20514330761|BOTICA IGFARMA SAC|439.55|79.12|0.00|0.00|0.00|0.00|0.00|0.00|0.00|518.67|2.593|01/01/0001|00|-|-|-|01/01/0001|0|0|1|
20130300|0103000239|18/03/2013||01|0001|0|0000018235|0|6|20514330761|BOTICA IGFARMA SAC|336.08|60.49|0.00|0.00|0.00|0.00|0.00|0.00|0.00|396.57|2.593|01/01/0001|00|-|-|-|01/01/0001|0|0|1|
20130300|0103000257|18/03/2013||01|0001|0|0000000824|0|6|20547359799|LAVA SPEED S.A.C.|3726.00|670.68|0.00|0.00|0.00|0.00|0.00|0.00|0.00|4396.68|2.593|01/01/0001|00|-|-|-|26/03/2013|0139501780|0|1|
20130300|0103000243|18/03/2013||01|0001|0|0000000272|0|6|10100193171|QUISPE PARRA CESAR FELIPE|135.59|24.41|0.00|0.00|0.00|0.00|0.00|0.00|0.00|160.00|2.593|01/01/0001|00|-|-|-|01/01/0001|0|0|1|
20130300|0103000244|18/03/2013||01|0001|0|0000000273|0|6|10100193171|QUISPE PARRA CESAR FELIPE|932.21|167.80|0.00|0.00|0.00|0.00|0.00|0.00|0.00|1100.00|2.593|01/01/0001|00|-|-|-|19/03/2013|0138064857|0|1|
20130300|0103000285|18/03/2013||01|0005|0|0000059329|0|6|20147720492|LABORATORIOS ROE S.A|419.49|75.51|0.00|0.00|0.00|0.00|0.00|0.00|0.00|495.00|2.593|01/01/0001|00|-|-|-|01/01/0001|0|0|1|
20130300|0103000282|18/03/2013||12|0012|0|0000017422|0|6|20125684441|T-COPIA S.A.C.|53.39|9.61|0.00|0.00|0.00|0.00|0.00|0.00|0.00|63.00|2.593|01/01/0001|00|-|-|-|01/01/0001|0|0|1|
20130300|0103000425|19/03/2013||01|0005|0|0000059352|0|6|20147720492|LABORATORIOS ROE S.A|78.81|14.19|0.00|0.00|0.00|0.00|0.00|0.00|0.00|93.00|2.599|01/01/0001|00|-|-|-|01/01/0001|0|0|1|
20130300|0103000271|19/03/2013||01|0001|0|0000002048|0|6|20549312391|REPRESENTACIONES FERRETERA JORMISA E.I.R.L.|76.27|13.73|0.00|0.00|0.00|0.00|0.00|0.00|0.00|90.00|2.593|01/01/0001|00|-|-|-|01/01/0001|0|0|1|
20130300|0103000251|19/03/2013||01|0001|0|0000018238|0|6|20514330761|BOTICA IGFARMA SAC|49.14|8.85|0.00|0.00|0.00|0.00|0.00|0.00|0.00|57.99|2.599|01/01/0001|00|-|-|-|01/01/0001|0|0|1|
20130300|0103000252|19/03/2013||01|0001|0|0000018240|0|6|20514330761|BOTICA IGFARMA SAC|134.48|24.21|0.00|0.00|0.00|0.00|0.00|0.00|0.00|158.69|2.599|01/01/0001|00|-|-|-|01/01/0001|0|0|1|
20130300|0103000253|19/03/2013||01|0001|0|0000018244|0|6|20514330761|BOTICA IGFARMA SAC|179.36|32.28|0.00|0.00|0.00|0.00|0.00|0.00|0.00|211.64|2.599|01/01/0001|00|-|-|-|01/01/0001|0|0|1|
20130300|0103000272|19/03/2013||03|0001|0|0000009986|0|6|10087546212|RODRIGUEZ HUAMAN JORGE MARCIAL|0.00|0.00|0.00|0.00|0.00|0.00|5.00|0.00|0.00|5.00|2.593|01/01/0001|00|-|-|-|01/01/0001|0|0|1|
20130300|0103000258|19/03/2013||01|0001|0|0000000473|0|6|20515827723|DAXLEY DEL PERU S.A.C.|2916.00|524.88|0.00|0.00|0.00|0.00|0.00|0.00|0.00|3440.88|2.593|01/01/0001|00|-|-|-|01/01/0001|0|0|1|
20130300|0103000256|19/03/2013||01|0107|0|0000004592|0|6|20512002090|MIFARMA SAC.|8.81|1.59|0.00|0.00|0.00|0.00|0.00|0.00|0.00|10.40|2.593|01/01/0001|00|-|-|-|01/01/0001|0|0|1|
20130300|0103000261|20/03/2013||01|0001|0|0000009712|0|6|20515339338|NACON DISTRIBUCIONES GENERALES EIRL|949.15|170.85|0.00|0.00|0.00|0.00|0.00|0.00|0.00|1120.00|2.599|01/01/0001|00|-|-|-|01/01/0001|0|0|1|
20130300|0103000306|20/03/2013||01|0436|0|0000016054|0|6|20338570041|PRAXAIR PERU S.R.L.|279.51|50.31|0.00|0.00|0.00|0.00|0.00|0.00|0.00|329.82|2.599|01/01/0001|00|-|-|-|01/01/0001|0|0|1|
20130300|0103000265|20/03/2013||01|0001|0|0000018248|0|6|20514330761|BOTICA IGFARMA SAC|106.64|19.20|0.00|0.00|0.00|0.00|0.00|0.00|0.00|125.84|2.596|01/01/0001|00|-|-|-|01/01/0001|0|0|1|
20130300|0103000266|20/03/2013||01|0001|0|0000018250|0|6|20514330761|BOTICA IGFARMA SAC|519.52|93.51|0.00|0.00|0.00|0.00|0.00|0.00|0.00|613.03|2.596|01/01/0001|00|-|-|-|01/01/0001|0|0|1|
20130300|0103000267|20/03/2013||01|0001|0|0000018251|0|6|20514330761|BOTICA IGFARMA SAC|153.22|27.58|0.00|0.00|0.00|0.00|0.00|0.00|0.00|180.80|2.596|01/01/0001|00|-|-|-|01/01/0001|0|0|1|
20130300|0103000263|20/03/2013||01|0001|0|0000018246|0|6|20514330761|BOTICA IGFARMA SAC|172.90|31.12|0.00|0.00|0.00|0.00|0.00|0.00|0.00|204.02|2.596|01/01/0001|00|-|-|-|01/01/0001|0|0|1|
20130300|0103000264|20/03/2013||01|0001|0|0000018247|0|6|20514330761|BOTICA IGFARMA SAC|365.69|65.82|0.00|0.00|0.00|0.00|0.00|0.00|0.00|431.51|2.596|01/01/0001|00|-|-|-|01/01/0001|0|0|1|
20130300|0103000427|20/03/2013||01|0005|0|0000059366|0|6|20147720492|LABORATORIOS ROE S.A|300.85|54.15|0.00|0.00|0.00|0.00|0.00|0.00|0.00|355.00|2.596|01/01/0001|00|-|-|-|01/01/0001|0|0|1|
20130300|0103000321|20/03/2013||01|0001|0|0000031203|0|6|20343466154|FERTI FARM S.A.C.|7819.23|1407.47|0.00|0.00|0.00|0.00|0.00|0.00|0.00|9226.70|2.599|01/01/0001|00|-|-|-|01/01/0001|0|0|1|
20130300|0103000268|20/03/2013||01|0001|0|0000031202|0|6|20343466154|FERTI FARM S.A.C.|2692.98|484.74|0.00|0.00|0.00|0.00|0.00|0.00|0.00|3177.72|2.599|01/01/0001|00|-|-|-|01/01/0001|0|0|1|
20130300|0103000426|20/03/2013||01|0005|0|0000059365|0|6|20147720492|LABORATORIOS ROE S.A|300.85|54.15|0.00|0.00|0.00|0.00|0.00|0.00|0.00|355.00|2.596|01/01/0001|00|-|-|-|01/01/0001|0|0|1|
20130300|0103000428|20/03/2013||01|0005|0|0000059367|0|6|20147720492|LABORATORIOS ROE S.A|300.85|54.15|0.00|0.00|0.00|0.00|0.00|0.00|0.00|355.00|2.596|01/01/0001|00|-|-|-|01/01/0001|0|0|1|
20130300|0103000340|20/03/2013||12|0003|0|0000476277|0|6|20503840121|REPSOL COMERCIAL S.A.C.|84.75|15.26|0.00|0.00|0.00|0.00|0.00|0.00|0.00|100.01|2.596|01/01/0001|00|-|-|-|01/01/0001|0|0|1|
20130300|0103000302|21/03/2013||01|0004|0|0000001655|0|6|20501549801|FERCO MEDICAL S.A.C.|77.12|13.88|0.00|0.00|0.00|0.00|0.00|0.00|0.00|91.00|2.594|01/01/0001|00|-|-|-|01/01/0001|0|0|1|
20130300|0103000325|21/03/2013||01|0001|0|0000000556|0|6|20123900686|A&P E.I.R.L.|950.00|171.00|0.00|0.00|0.00|0.00|0.00|0.00|0.00|1121.00|2.594|01/01/0001|00|-|-|-|01/04/2013|0140162286|0|1|
20130300|0103000304|21/03/2013||01|0001|0|0000024201|0|6|20471476898|MULTIMEDICAL SUPPLIES SAC|315.25|56.75|0.00|0.00|0.00|0.00|0.00|0.00|0.00|372.00|2.594|01/01/0001|00|-|-|-|01/01/0001|0|0|1|
20130300|0103000301|21/03/2013||12|0704|0|0000000206|0|6|20112273922|MAESTRO HOME CENTER S.A.|159.83|28.77|0.00|0.00|0.00|0.00|0.00|0.00|0.00|188.60|2.594|01/01/0001|00|-|-|-|01/01/0001|0|0|1|
20130300|0103000423|21/03/2013||01|0005|0|0000059384|0|6|20147720492|LABORATORIOS ROE S.A|78.81|14.19|0.00|0.00|0.00|0.00|0.00|0.00|0.00|93.00|2.594|01/01/0001|00|-|-|-|01/01/0001|0|0|1|
20130300|0103000290|21/03/2013||01|0001|0|0000002670|0|6|20501715744|VENOCENTRO E.I.R.L.|2715.25|488.75|0.00|0.00|0.00|0.00|0.00|0.00|0.00|3204.00|2.594|01/01/0001|00|-|-|-|22/03/2013|0138748259|0|1|
20130300|0103000305|21/03/2013||01|0001|0|0000000043|0|6|20543357252|WORLD SERVIS T-ZUMHIT S.A.C|593.22|106.78|0.00|0.00|0.00|0.00|0.00|0.00|0.00|700.00|2.594|01/01/0001|00|-|-|-|01/01/0001|0|0|1|
20130300|0103000349|21/03/2013||01|0046|0|0000001291|0|6|20108858258|TAXI MOVIL SA|0.00|0.00|0.00|0.00|0.00|0.00|14.00|0.00|0.00|14.00|2.594|01/01/0001|00|-|-|-|01/01/0001|0|0|1|
20130300|0103000370|21/03/2013||01|0001|0|0000002983|0|6|10405940499|HUACANTARA QUISPE HUGO|245.76|44.24|0.00|0.00|0.00|0.00|0.00|0.00|0.00|290.00|2.594|01/01/0001|00|-|-|-|01/01/0001|0|0|1|
20130300|0103000377|21/03/2013||01|0001|0|0000000039|0|6|10457812863|CARDENAS LOPEZ OCTAVIO DANIEL|0.00|0.00|0.00|0.00|0.00|0.00|45.00|0.00|0.00|45.00|2.594|01/01/0001|00|-|-|-|01/01/0001|0|0|1|
20130300|0103000291|21/03/2013||01|0001|0|0000018255|0|6|20514330761|BOTICA IGFARMA SAC|278.51|50.13|0.00|0.00|0.00|0.00|0.00|0.00|0.00|328.64|2.594|01/01/0001|00|-|-|-|01/01/0001|0|0|1|
20130300|0103000292|21/03/2013||01|0001|0|0000018256|0|6|20514330761|BOTICA IGFARMA SAC|113.78|20.48|0.00|0.00|0.00|0.00|0.00|0.00|0.00|134.26|2.594|01/01/0001|00|-|-|-|01/01/0001|0|0|1|
20130300|0103000293|21/03/2013||01|0001|0|0000018257|0|6|20514330761|BOTICA IGFARMA SAC|142.47|25.65|0.00|0.00|0.00|0.00|0.00|0.00|0.00|168.12|2.594|01/01/0001|00|-|-|-|01/01/0001|0|0|1|
20130300|0103000294|21/03/2013||01|0001|0|0000018258|0|6|20514330761|BOTICA IGFARMA SAC|235.42|42.38|0.00|0.00|0.00|0.00|0.00|0.00|0.00|277.80|2.594|01/01/0001|00|-|-|-|01/01/0001|0|0|1|
20130300|0103000295|21/03/2013||01|0001|0|0000018259|0|6|20514330761|BOTICA IGFARMA SAC|59.87|10.78|0.00|0.00|0.00|0.00|0.00|0.00|0.00|70.65|2.594|01/01/0001|00|-|-|-|01/01/0001|0|0|1|
20130300|0103000296|21/03/2013||01|0001|0|0000018261|0|6|20514330761|BOTICA IGFARMA SAC|746.22|134.32|0.00|0.00|0.00|0.00|0.00|0.00|0.00|880.54|2.594|01/01/0001|00|-|-|-|01/01/0001|0|0|1|
20130300|0103000300|21/03/2013||01|0002|0|0000520418|0|6|20107254375|FERRETERIA PIEMONTESA S.R.LTDA.|114.59|20.63|0.00|0.00|0.00|0.00|0.00|0.00|0.00|135.22|2.594|01/01/0001|00|-|-|-|01/01/0001|0|0|1|
20130300|0103000298|21/03/2013||01|0001|0|0000018263|0|6|20514330761|BOTICA IGFARMA SAC|493.26|88.79|0.00|0.00|0.00|0.00|0.00|0.00|0.00|582.05|2.594|01/01/0001|00|-|-|-|01/01/0001|0|0|1|
20130300|0103000299|21/03/2013||01|0001|0|0000018264|0|6|20514330761|BOTICA IGFARMA SAC|46.65|8.40|0.00|0.00|0.00|0.00|0.00|0.00|0.00|55.05|2.594|01/01/0001|00|-|-|-|01/01/0001|0|0|1|
20130300|0103000376|21/03/2013||01|0001|0|0000003347|0|6|10417867401|IPANAQUE OTINIANOLUIS ALBERTO|46.61|8.39|0.00|0.00|0.00|0.00|0.00|0.00|0.00|55.00|2.594|01/01/0001|00|-|-|-|01/01/0001|0|0|1|
20130300|0103000278|21/03/2013||01|0001|0|0000002353|0|6|20510713100|STERI EIRL|271.19|48.81|0.00|0.00|0.00|0.00|0.00|0.00|0.00|320.00|2.594|01/01/0001|00|-|-|-|01/01/0001|0|0|1|
20130300|0103000369|22/03/2013||01|0001|0|0000003350|0|6|10417867401|IPANAQUE OTINIANOLUIS ALBERTO|120.00|21.60|0.00|0.00|0.00|0.00|0.00|0.00|0.00|141.60|2.594|01/01/0001|00|-|-|-|01/01/0001|0|0|1|
20130300|0103000379|22/03/2013||01|0436|0|0000016067|0|6|20338570041|PRAXAIR PERU S.R.L.|167.71|30.19|0.00|0.00|0.00|0.00|0.00|0.00|0.00|197.90|2.594|01/01/0001|00|-|-|-|01/01/0001|0|0|1|
20130300|0103000380|22/03/2013||01|0001|0|0000045209|0|6|20338570041|PRAXAIR PERU S.R.L.|17.57|3.16|0.00|0.00|0.00|0.00|0.00|0.00|0.00|20.73|2.594|01/01/0001|00|-|-|-|01/01/0001|0|0|1|
20130300|0103000447|22/03/2013||01|0001|0|0000045191|0|6|20338570041|PRAXAIR PERU S.R.L.|25.00|4.50|0.00|0.00|0.00|0.00|0.00|0.00|0.00|29.50|2.594|01/01/0001|00|-|-|-|01/01/0001|0|0|1|
20130300|0103000312|22/03/2013||01|0001|0|00000018270|0|6|20514330761|BOTICA IGFARMA SAC|58.82|10.59|0.00|0.00|0.00|0.00|0.00|0.00|0.00|69.41|2.594|01/01/0001|00|-|-|-|01/01/0001|0|0|1|
20130300|0103000309|22/03/2013||01|0001|0|00000018267|0|6|20514330761|BOTICA IGFARMA SAC|137.98|24.84|0.00|0.00|0.00|0.00|0.00|0.00|0.00|162.82|2.594|01/01/0001|00|-|-|-|01/01/0001|0|0|1|
20130300|0103000308|22/03/2013||01|0001|0|00000018266|0|6|20514330761|BOTICA IGFARMA SAC|418.46|75.32|0.00|0.00|0.00|0.00|0.00|0.00|0.00|493.78|2.594|01/01/0001|00|-|-|-|01/01/0001|0|0|1|
20130300|0103000310|22/03/2013||01|0001|0|00000018268|0|6|20514330761|BOTICA IGFARMA SAC|528.83|95.19|0.00|0.00|0.00|0.00|0.00|0.00|0.00|624.02|2.594|01/01/0001|00|-|-|-|01/01/0001|0|0|1|
20130300|0103000311|22/03/2013||01|0001|0|00000018269|0|6|20514330761|BOTICA IGFARMA SAC|271.86|48.93|0.00|0.00|0.00|0.00|0.00|0.00|0.00|320.79|2.594|01/01/0001|00|-|-|-|01/01/0001|0|0|1|
20130300|0103000313|22/03/2013||01|0001|0|00000018271|0|6|20514330761|BOTICA IGFARMA SAC|181.31|32.63|0.00|0.00|0.00|0.00|0.00|0.00|0.00|213.94|2.594|01/01/0001|00|-|-|-|01/01/0001|0|0|1|
20130300|0103000322|22/03/2013||01|0002|0|0000091235|0|6|20537321190|DIMERC PERU SAC|209.61|37.73|0.00|0.00|0.00|0.00|0.00|0.00|0.00|247.34|2.594|01/01/0001|00|-|-|-|01/01/0001|0|0|1|
20130300|0103000320|22/03/2013||01|0001|0|0000001932|0|6|20506555982|LABORATORIO VALUP S.A.C.|207.63|37.37|0.00|0.00|0.00|0.00|0.00|0.00|0.00|245.00|2.594|01/01/0001|00|-|-|-|01/01/0001|0|0|1|
20130300|0103000344|23/03/2013||01|0001|0|0000000835|0|6|20547359799|LAVA SPEED S.A.C.|1238.72|222.97|0.00|0.00|0.00|0.00|0.00|0.00|0.00|1461.69|2.568|01/01/0001|00|-|-|-|01/04/2013|0140161955|0|1|
20130300|0103000345|23/03/2013||01|0001|0|0000000838|0|6|20547359799|LAVA SPEED S.A.C.|133.20|23.98|0.00|0.00|0.00|0.00|0.00|0.00|0.00|157.18|2.581|01/01/0001|00|-|-|-|01/04/2013|0140161955|0|1|
20130300|0103000378|23/03/2013||12|0001|0|0000010592|0|6|10078096352|OLIVER BROWN JAIME WILLIAM|127.12|22.88|0.00|0.00|0.00|0.00|0.00|0.00|0.00|150.00|2.591|01/01/0001|00|-|-|-|01/01/0001|0|0|1|
20130300|0103000348|23/03/2013||01|0001|0|0000003991|0|6|10105932273|RODRIGUEZ GUZMAN BEATRIZ CATHERINE|76.27|13.73|0.00|0.00|0.00|0.00|0.00|0.00|0.00|90.00|2.591|01/01/0001|00|-|-|-|01/01/0001|0|0|1|
20130300|0103000346|23/03/2013||12|0010|0|0000015919|0|6|20100313201|COMERCIAL OWN S.A.|19.14|3.45|0.00|0.00|0.00|0.00|1.91|0.00|0.00|24.50|2.591|01/01/0001|00|-|-|-|01/01/0001|0|0|1|
20130300|0103000347|24/03/2013||12|0005|0|0000205474|0|6|20388829452|LASINO S.A.|16.14|2.91|0.00|0.00|0.00|0.00|1.45|0.00|0.00|20.50|2.591|01/01/0001|00|-|-|-|01/01/0001|0|0|1|
20130300|0103000399|24/03/2013||01|0421|0|0000042742|0|6|20338570041|PRAXAIR PERU S.R.L.|223.61|40.25|0.00|0.00|0.00|0.00|0.00|0.00|0.00|263.86|2.591|01/01/0001|00|-|-|-|01/01/0001|0|0|1|
20130300|0103000314|24/03/2013||01|0001|0|00000018274|0|6|20514330761|BOTICA IGFARMA SAC|465.64|83.81|0.00|0.00|0.00|0.00|0.00|0.00|0.00|549.45|2.591|01/01/0001|00|-|-|-|01/01/0001|0|0|1|
20130300|0103000316|24/03/2013||01|0001|0|00000018276|0|6|20514330761|BOTICA IGFARMA SAC|339.44|61.10|0.00|0.00|0.00|0.00|0.00|0.00|0.00|400.54|2.591|01/01/0001|00|-|-|-|01/01/0001|0|0|1|
20130300|0103000317|24/03/2013||01|0001|0|00000018277|0|6|20514330761|BOTICA IGFARMA SAC|446.10|80.30|0.00|0.00|0.00|0.00|0.00|0.00|0.00|526.40|2.591|01/01/0001|00|-|-|-|01/01/0001|0|0|1|
20130300|0103000318|24/03/2013||01|0001|0|00000018278|0|6|20514330761|BOTICA IGFARMA SAC|959.43|172.70|0.00|0.00|0.00|0.00|0.00|0.00|0.00|1132.13|2.591|01/01/0001|00|-|-|-|01/01/0001|0|0|1|
20130300|0103000319|24/03/2013||01|0001|0|00000018279|0|6|20514330761|BOTICA IGFARMA SAC|6.91|1.24|0.00|0.00|0.00|0.00|0.00|0.00|0.00|8.15|2.591|01/01/0001|00|-|-|-|01/01/0001|0|0|1|
20130300|0103000315|24/03/2013||01|0001|0|00000018275|0|6|20514330761|BOTICA IGFARMA SAC|208.01|37.44|0.00|0.00|0.00|0.00|0.00|0.00|0.00|245.45|2.591|01/01/0001|00|-|-|-|01/01/0001|0|0|1|
20130300|0103000334|25/03/2013||01|0001|0|0000018284|0|6|20514330761|BOTICA IGFARMA SAC|133.61|24.05|0.00|0.00|0.00|0.00|0.00|0.00|0.00|157.66|2.591|01/01/0001|00|-|-|-|01/01/0001|0|0|1|
20130300|0103000335|25/03/2013||01|0001|0|0000018286|0|6|20514330761|BOTICA IGFARMA SAC|517.76|93.20|0.00|0.00|0.00|0.00|0.00|0.00|0.00|610.96|2.591|01/01/0001|00|-|-|-|01/01/0001|0|0|1|
20130300|0103000331|25/03/2013||01|0001|0|0000018280|0|6|20514330761|BOTICA IGFARMA SAC|19.49|3.51|0.00|0.00|0.00|0.00|0.00|0.00|0.00|23.00|2.591|01/01/0001|00|-|-|-|01/01/0001|0|0|1|
20130300|0103000332|25/03/2013||01|0001|0|0000018281|0|6|20514330761|BOTICA IGFARMA SAC|150.22|27.04|0.00|0.00|0.00|0.00|0.00|0.00|0.00|177.26|2.591|01/01/0001|00|-|-|-|01/01/0001|0|0|1|
20130300|0103000333|25/03/2013||01|0001|0|0000018283|0|6|20514330761|BOTICA IGFARMA SAC|132.81|23.91|0.00|0.00|0.00|0.00|0.00|0.00|0.00|156.72|2.591|01/01/0001|00|-|-|-|01/01/0001|0|0|1|
20130300|0103000400|25/03/2013||01|0436|0|0000016083|0|6|20338570041|PRAXAIR PERU S.R.L.|111.80|20.12|0.00|0.00|0.00|0.00|0.00|0.00|0.00|131.92|2.591|01/01/0001|00|-|-|-|01/01/0001|0|0|1|
20130300|0103000326|25/03/2013||01|0002|0|0000520698|0|6|20107254375|FERRETERIA PIEMONTESA S.R.LTDA.|86.39|15.53|0.00|0.00|0.00|0.00|0.00|0.00|0.00|101.80|2.591|01/01/0001|00|-|-|-|01/01/0001|0|0|1|
20130300|0103000330|25/03/2013||12|0048|0|0000000170|0|6|20100070970|SUPERMERCADOS PERUANOS S.A.|166.15|29.91|0.00|0.00|0.00|0.00|0.00|0.00|0.00|196.06|2.591|01/01/0001|00|-|-|-|01/01/0001|0|0|1|
20130300|0103000373|25/03/2013||01|0001|0|0000000375|0|6|20518223403|JMAK S.A.C.|1123.73|202.27|0.00|0.00|0.00|0.00|0.00|0.00|0.00|1326.00|2.591|01/01/0001|00|-|-|-|01/01/0001|0|0|1|
20130300|0103000374|25/03/2013||01|0002|0|0000001829|0|6|20513383593|PROYECTOS ECOLOGICOS E INDUSTRIALES DAHEMO S.A.C.|847.46|152.54|0.00|0.00|0.00|0.00|0.00|0.00|0.00|1000.00|2.591|01/01/0001|00|-|-|-|01/04/2013|0140159497|0|1|
20130300|0103000328|25/03/2013||01|0001|0|0000000239|0|6|20510945817|ACT EARLY S.R.L.|4203.39|756.61|0.00|0.00|0.00|0.00|0.00|0.00|0.00|4960.00|2.591|01/01/0001|00|-|-|-|26/03/2013|0139500352|0|1|
20130300|0103000327|25/03/2013||01|0004|0|0000001291|0|6|20432708269|NEGOCIOS GRAFICOS ANTARES SRL|295.00|53.10|0.00|0.00|0.00|0.00|0.00|0.00|0.00|348.10|2.591|01/01/0001|00|-|-|-|01/01/0001|0|0|1|
20130300|0103000433|25/03/2013||01|0005|0|0000059411|0|6|20147720492|LABORATORIOS ROE S.A|78.81|14.19|0.00|0.00|0.00|0.00|0.00|0.00|0.00|93.00|2.591|01/01/0001|00|-|-|-|01/01/0001|0|0|1|
20130300|0103000429|25/03/2013||01|0005|0|0000059399|0|6|20147720492|LABORATORIOS ROE S.A|168.64|30.36|0.00|0.00|0.00|0.00|0.00|0.00|0.00|199.00|2.591|01/01/0001|00|-|-|-|01/01/0001|0|0|1|
20130300|0103000430|25/03/2013||01|0005|0|0000059400|0|6|20147720492|LABORATORIOS ROE S.A|286.44|51.56|0.00|0.00|0.00|0.00|0.00|0.00|0.00|338.00|2.591|01/01/0001|00|-|-|-|01/01/0001|0|0|1|
20130300|0103000432|25/03/2013||01|0005|0|0000059402|0|6|20147720492|LABORATORIOS ROE S.A|78.81|14.19|0.00|0.00|0.00|0.00|0.00|0.00|0.00|93.00|2.591|01/01/0001|00|-|-|-|01/01/0001|0|0|1|
20130300|0103000431|25/03/2013||01|0005|0|0000059401|0|6|20147720492|LABORATORIOS ROE S.A|286.44|51.56|0.00|0.00|0.00|0.00|0.00|0.00|0.00|338.00|2.591|01/01/0001|00|-|-|-|01/01/0001|0|0|1|
20130300|0103000434|26/03/2013||01|0005|0|0000059415|0|6|20147720492|LABORATORIOS ROE S.A|77.12|13.88|0.00|0.00|0.00|0.00|0.00|0.00|0.00|91.00|2.588|01/01/0001|00|-|-|-|01/01/0001|0|0|1|
20130300|0103000342|26/03/2013||01|0006|0|0000018093|0|6|20509873535|KENDAL IMPORT S.A.C|5338.98|961.02|0.00|0.00|0.00|0.00|0.00|0.00|0.00|6300.00|2.588|01/01/0001|00|-|-|-|01/01/0001|0|0|1|
20130300|0103000458|26/03/2013||01|0002|0|0000007235|0|6|20492493491|OPEN TECNOLOGIES S.A.C|101.69|18.31|0.00|0.00|0.00|0.00|0.00|0.00|0.00|120.00|2.588|01/01/0001|00|-|-|-|01/01/0001|0|0|1|
20130300|0103000341|26/03/2013||01|0001|0|0000000257|0|6|20547366817|V & S POLIBAGS SAC|521.30|93.83|0.00|0.00|0.00|0.00|0.00|0.00|0.00|615.13|2.588|01/01/0001|00|-|-|-|01/01/0001|0|0|1|
20130300|0103000413|26/03/2013||01|0001|0|0000000776|0|6|20423912392|REPRESENTACIONES MEDICAS WBTP S.A.C.|1101.70|198.31|0.00|0.00|0.00|0.00|0.00|0.00|0.00|1300.00|2.588|01/01/0001|00|-|-|-|03/04/2013|0140159915|0|1|
20130300|0103000371|26/03/2013||01|0001|0|0000001228|0|6|10077996406|ROUILLON GALLESE MARIA ELENA|296.61|53.39|0.00|0.00|0.00|0.00|0.00|0.00|0.00|350.00|2.588|01/01/0001|00|-|-|-|01/04/2013|0140124462|0|1|
20130300|0103000372|26/03/2013||01|0001|0|0000001229|0|6|10077996406|ROUILLON GALLESE MARIA ELENA|865.25|155.75|0.00|0.00|0.00|0.00|0.00|0.00|0.00|1021.00|2.588|01/01/0001|00|-|-|-|01/04/2013|0140124462|0|1|
20130300|0103000417|26/03/2013||01|0001|0|0000973931|0|6|20332970411|EL PACIFICO VIDA CIA DE SEGUROS Y REASEG.SA|478.23|86.08|0.00|0.00|0.00|0.00|0.00|0.00|0.00|564.31|2.588|01/01/0001|00|-|-|-|01/01/0001|0|0|1|
20130300|0103000418|26/03/2013||01|0001|0|0000973932|0|6|20332970411|EL PACIFICO VIDA CIA DE SEGUROS Y REASEG.SA|488.74|87.97|0.00|0.00|0.00|0.00|0.00|0.00|0.00|576.71|2.588|01/01/0001|00|-|-|-|01/01/0001|0|0|1|
20130300|0103000419|26/03/2013||01|0002|0|0000001841|0|6|20513383593|PROYECTOS ECOLOGICOS E INDUSTRIALES DAHEMO S.A.C.|169.49|30.51|0.00|0.00|0.00|0.00|0.00|0.00|0.00|200.00|2.588|01/01/0001|00|-|-|-|01/01/0001|0|0|1|
20130300|0103000363|26/03/2013||01|0001|0|0000018302|0|6|20514330761|BOTICA IGFARMA SAC|32.59|5.87|0.00|0.00|0.00|0.00|0.00|0.00|0.00|38.46|2.588|01/01/0001|00|-|-|-|01/01/0001|0|0|1|
20130300|0103000350|26/03/2013||01|0001|0|0000018288|0|6|20514330761|BOTICA IGFARMA SAC|146.60|26.39|0.00|0.00|0.00|0.00|0.00|0.00|0.00|172.99|2.588|01/01/0001|00|-|-|-|01/01/0001|0|0|1|
20130300|0103000351|26/03/2013||01|0001|0|0000018289|0|6|20514330761|BOTICA IGFARMA SAC|149.48|26.91|0.00|0.00|0.00|0.00|0.00|0.00|0.00|176.39|2.588|01/01/0001|00|-|-|-|01/01/0001|0|0|1|
20130300|0103000352|26/03/2013||01|0001|0|0000018290|0|6|20514330761|BOTICA IGFARMA SAC|1104.50|198.81|0.00|0.00|0.00|0.00|0.00|0.00|0.00|1303.31|2.588|01/01/0001|00|-|-|-|01/01/0001|0|0|1|
20130300|0103000353|26/03/2013||01|0001|0|0000018292|0|6|20514330761|BOTICA IGFARMA SAC|154.80|27.86|0.00|0.00|0.00|0.00|0.00|0.00|0.00|182.66|2.588|01/01/0001|00|-|-|-|01/01/0001|0|0|1|
20130300|0103000355|26/03/2013||01|0001|0|0000018294|0|6|20514330761|BOTICA IGFARMA SAC|162.44|29.24|0.00|0.00|0.00|0.00|0.00|0.00|0.00|191.68|2.588|01/01/0001|00|-|-|-|01/01/0001|0|0|1|
20130300|0103000356|26/03/2013||01|0001|0|0000018295|0|6|20514330761|BOTICA IGFARMA SAC|167.31|30.12|0.00|0.00|0.00|0.00|0.00|0.00|0.00|197.43|2.588|01/01/0001|00|-|-|-|01/01/0001|0|0|1|
20130300|0103000366|26/03/2013||01|0001|0|0000018305|0|6|20514330761|BOTICA IGFARMA SAC|142.82|25.71|0.00|0.00|0.00|0.00|0.00|0.00|0.00|168.53|2.588|01/01/0001|00|-|-|-|01/01/0001|0|0|1|
20130300|0103000362|26/03/2013||01|0001|0|0000018301|0|6|20514330761|BOTICA IGFARMA SAC|33.01|5.94|0.00|0.00|0.00|0.00|0.00|0.00|0.00|38.95|2.588|01/01/0001|00|-|-|-|01/01/0001|0|0|1|
20130300|0103000359|26/03/2013||01|0001|0|0000018298|0|6|20514330761|BOTICA IGFARMA SAC|104.32|18.78|0.00|0.00|0.00|0.00|0.00|0.00|0.00|123.10|2.588|01/01/0001|00|-|-|-|01/01/0001|0|0|1|
20130300|0103000361|26/03/2013||01|0001|0|0000018300|0|6|20514330761|BOTICA IGFARMA SAC|452.12|81.38|0.00|0.00|0.00|0.00|0.00|0.00|0.00|533.50|2.588|01/01/0001|00|-|-|-|01/01/0001|0|0|1|
20130300|0103000360|26/03/2013||01|0001|0|0000018299|0|6|20514330761|BOTICA IGFARMA SAC|342.32|61.62|0.00|0.00|0.00|0.00|0.00|0.00|0.00|403.94|2.588|01/01/0001|00|-|-|-|01/01/0001|0|0|1|
20130300|0103000358|26/03/2013||01|0001|0|0000018297|0|6|20514330761|BOTICA IGFARMA SAC|589.96|106.19|0.00|0.00|0.00|0.00|0.00|0.00|0.00|696.15|2.588|01/01/0001|00|-|-|-|01/01/0001|0|0|1|
20130300|0103000368|26/03/2013||01|0001|0|0000018307|0|6|20514330761|BOTICA IGFARMA SAC|218.82|39.39|0.00|0.00|0.00|0.00|0.00|0.00|0.00|258.21|2.588|01/01/0001|00|-|-|-|01/01/0001|0|0|1|
20130300|0103000365|26/03/2013||01|0001|0|0000018304|0|6|20514330761|BOTICA IGFARMA SAC|142.77|25.70|0.00|0.00|0.00|0.00|0.00|0.00|0.00|168.47|2.588|01/01/0001|00|-|-|-|01/01/0001|0|0|1|
20130300|0103000357|26/03/2013||01|0001|0|0000018296|0|6|20514330761|BOTICA IGFARMA SAC|132.67|23.88|0.00|0.00|0.00|0.00|0.00|0.00|0.00|156.55|2.588|01/01/0001|00|-|-|-|01/01/0001|0|0|1|
20130300|0103000367|26/03/2013||01|0001|0|0000018306|0|6|20514330761|BOTICA IGFARMA SAC|138.86|24.99|0.00|0.00|0.00|0.00|0.00|0.00|0.00|163.85|2.588|01/01/0001|00|-|-|-|01/01/0001|0|0|1|
20130300|0103000388|27/03/2013||01|0001|0|0000018316|0|6|20514330761|BOTICA IGFARMA SAC|385.86|69.46|0.00|0.00|0.00|0.00|0.00|0.00|0.00|455.32|2.586|01/01/0001|00|-|-|-|01/01/0001|0|0|1|
20130300|0103000387|27/03/2013||01|0001|0|0000018315|0|6|20514330761|BOTICA IGFARMA SAC|233.27|41.99|0.00|0.00|0.00|0.00|0.00|0.00|0.00|275.26|2.586|01/01/0001|00|-|-|-|01/01/0001|0|0|1|
20130300|0103000389|27/03/2013||01|0001|0|0000018317|0|6|20514330761|BOTICA IGFARMA SAC|414.08|74.54|0.00|0.00|0.00|0.00|0.00|0.00|0.00|488.62|2.586|01/01/0001|00|-|-|-|01/01/0001|0|0|1|
20130300|0103000383|27/03/2013||01|0001|0|0000018311|0|6|20514330761|BOTICA IGFARMA SAC|45.27|8.15|0.00|0.00|0.00|0.00|0.00|0.00|0.00|53.42|2.586|01/01/0001|00|-|-|-|01/01/0001|0|0|1|
20130300|0103000382|27/03/2013||01|0001|0|0000018310|0|6|20514330761|BOTICA IGFARMA SAC|387.25|69.71|0.00|0.00|0.00|0.00|0.00|0.00|0.00|456.96|2.586|01/01/0001|00|-|-|-|01/01/0001|0|0|1|
20130300|0103000381|27/03/2013||01|0001|0|0000018309|0|6|20514330761|BOTICA IGFARMA SAC|859.17|154.65|0.00|0.00|0.00|0.00|0.00|0.00|0.00|1013.82|2.586|01/01/0001|00|-|-|-|01/01/0001|0|0|1|
20130300|0103000391|27/03/2013||01|0001|0|0000018319|0|6|20514330761|BOTICA IGFARMA SAC|181.43|32.66|0.00|0.00|0.00|0.00|0.00|0.00|0.00|214.09|2.586|01/01/0001|00|-|-|-|01/01/0001|0|0|1|
20130300|0103000392|27/03/2013||01|0001|0|0000018320|0|6|20514330761|BOTICA IGFARMA SAC|306.71|55.21|0.00|0.00|0.00|0.00|0.00|0.00|0.00|361.92|2.586|01/01/0001|00|-|-|-|01/01/0001|0|0|1|
20130300|0103000386|27/03/2013||01|0001|0|0000018314|0|6|20514330761|BOTICA IGFARMA SAC|193.07|34.75|0.00|0.00|0.00|0.00|0.00|0.00|0.00|227.82|2.586|01/01/0001|00|-|-|-|01/01/0001|0|0|1|
20130300|0103000385|27/03/2013||01|0001|0|0000018313|0|6|20514330761|BOTICA IGFARMA SAC|290.85|52.35|0.00|0.00|0.00|0.00|0.00|0.00|0.00|343.20|2.586|01/01/0001|00|-|-|-|01/01/0001|0|0|1|
20130300|0103000384|27/03/2013||01|0001|0|0000018312|0|6|20514330761|BOTICA IGFARMA SAC|510.70|91.93|0.00|0.00|0.00|0.00|0.00|0.00|0.00|602.63|2.586|01/01/0001|00|-|-|-|01/01/0001|0|0|1|
20130300|0103000390|27/03/2013||01|0001|0|0000018318|0|6|20514330761|BOTICA IGFARMA SAC|138.19|24.87|0.00|0.00|0.00|0.00|0.00|0.00|0.00|163.06|2.586|01/01/0001|00|-|-|-|01/01/0001|0|0|1|
20130300|0103000449|27/03/2013||01|0415|0|0000045832|0|6|20338570041|PRAXAIR PERU S.R.L.|223.61|40.25|0.00|0.00|0.00|0.00|0.00|0.00|0.00|263.86|2.586|01/01/0001|00|-|-|-|01/01/0001|0|0|1|
20130300|0103000354|27/03/2013||01|0002|0|0000000073|0|6|10408542991|CACHAY LAZARTE CESAR AUGUSTO|79.66|14.34|0.00|0.00|0.00|0.00|0.00|0.00|0.00|94.00|2.586|01/01/0001|00|-|-|-|01/01/0001|0|0|1|
20130300|0103000414|27/03/2013||01|0001|0|0000000777|0|6|20423912392|REPRESENTACIONES MEDICAS WBTP S.A.C.|1271.19|228.81|0.00|0.00|0.00|0.00|0.00|0.00|0.00|1500.00|2.586|01/01/0001|00|-|-|-|03/04/2013|0140159915|0|1|
20130300|0103000435|27/03/2013||01|0005|0|0000059431|0|6|20147720492|LABORATORIOS ROE S.A|29.66|5.34|0.00|0.00|0.00|0.00|0.00|0.00|0.00|35.00|2.586|01/01/0001|00|-|-|-|01/01/0001|0|0|1|
20130300|0103000437|27/03/2013||01|0005|0|0000059434|0|6|20147720492|LABORATORIOS ROE S.A|462.71|83.29|0.00|0.00|0.00|0.00|0.00|0.00|0.00|546.00|2.586|01/01/0001|00|-|-|-|01/01/0001|0|0|1|
20130300|0103000436|27/03/2013||01|0005|0|0000059432|0|6|20147720492|LABORATORIOS ROE S.A|29.66|5.34|0.00|0.00|0.00|0.00|0.00|0.00|0.00|35.00|2.586|01/01/0001|00|-|-|-|01/01/0001|0|0|1|
20130300|0103000394|28/03/2013||01|0001|0|0000018323|0|6|20514330761|BOTICA IGFARMA SAC|453.68|81.66|0.00|0.00|0.00|0.00|0.00|0.00|0.00|535.34|2.589|01/01/0001|00|-|-|-|01/01/0001|0|0|1|
20130300|0103000395|28/03/2013||01|0001|0|0000018324|0|6|20514330761|BOTICA IGFARMA SAC|317.44|57.14|0.00|0.00|0.00|0.00|0.00|0.00|0.00|374.58|2.589|01/01/0001|00|-|-|-|01/01/0001|0|0|1|
20130300|0103000393|28/03/2013||01|0001|0|0000018322|0|6|20514330761|BOTICA IGFARMA SAC|34.14|6.14|0.00|0.00|0.00|0.00|0.00|0.00|0.00|40.28|2.589|01/01/0001|00|-|-|-|01/01/0001|0|0|1|
20130300|0103000396|28/03/2013||01|0001|0|0000018325|0|6|20514330761|BOTICA IGFARMA SAC|51.99|9.36|0.00|0.00|0.00|0.00|0.00|0.00|0.00|61.35|2.589|01/01/0001|00|-|-|-|01/01/0001|0|0|1|
20130300|0103000397|28/03/2013||01|0001|0|0000018326|0|6|20514330761|BOTICA IGFARMA SAC|396.63|71.39|0.00|0.00|0.00|0.00|0.00|0.00|0.00|468.02|2.589|01/01/0001|00|-|-|-|01/01/0001|0|0|1|
20130300|0103000398|28/03/2013||01|0001|0|0000018327|0|6|20514330761|BOTICA IGFARMA SAC|73.64|13.25|0.00|0.00|0.00|0.00|0.00|0.00|0.00|86.89|2.589|01/01/0001|00|-|-|-|01/01/0001|0|0|1|
20130300|0103000421|28/03/2013||12|0008|0|0000001602|0|6|20100313201|COMERCIAL OWN S.A.|19.14|3.45|0.00|0.00|0.00|0.00|1.91|0.00|0.00|24.50|2.589|01/01/0001|00|-|-|-|01/01/0001|0|0|1|
20130300|0103000422|28/03/2013||01|0001|0|0000000824|0|6|10076897749|TANTALEAN VASQUEZ ABEMILE|300.00|54.00|0.00|0.00|0.00|0.00|0.00|0.00|0.00|354.00|2.589|01/01/0001|00|-|-|-|01/01/0001|0|0|1|
20130300|0103000448|29/03/2013||01|0425|0|0000064079|0|6|20338570041|PRAXAIR PERU S.R.L.|223.61|40.25|0.00|0.00|0.00|0.00|0.00|0.00|0.00|263.86|2.589|01/01/0001|00|-|-|-|01/01/0001|0|0|1|
20130300|0103000450|29/03/2013||12|0022|0|0000000120|0|6|20100106915|E. WONG S.A.|8.64|1.56|0.00|0.00|0.00|0.00|0.00|0.00|0.00|10.20|2.589|01/01/0001|00|-|-|-|01/01/0001|0|0|1|
20130300|0103000451|30/03/2013||01|0005|0|0000059438|0|6|20147720492|LABORATORIOS ROE S.A|106.78|19.22|0.00|0.00|0.00|0.00|0.00|0.00|0.00|126.00|2.589|01/01/0001|00|-|-|-|01/01/0001|0|0|1|
20130300|0103000416|30/03/2013||01|0001|0|0000027657|0|6|20161950069|BIO PAP SERVICE S.A.C.|3759.94|676.79|0.00|0.00|0.00|0.00|0.00|0.00|0.00|4436.73|2.589|01/01/0001|00|-|-|-|04/04/2013|0140804337|0|1|
20130300|0103000415|30/03/2013||01|0001|0|0000000052|0|6|20538102921|GENETIC SOLUTIONS S.A.C.|11186.44|2013.56|0.00|0.00|0.00|0.00|0.00|0.00|0.00|13200.00|2.589|01/01/0001|00|-|-|-|04/04/2013|0140804177|0|1|
20130300|0103000364|30/03/2013||01|0001|0|0000000276|0|6|10100193171|QUISPE PARRA CESAR FELIPE|42.37|7.63|0.00|0.00|0.00|0.00|0.00|0.00|0.00|50.00|2.589|01/01/0001|00|-|-|-|01/01/0001|0|0|1|
20130300|0103000408|30/03/2013||01|0001|0|0000018335|0|6|20514330761|BOTICA IGFARMA SAC|17.24|3.10|0.00|0.00|0.00|0.00|0.00|0.00|0.00|20.34|2.589|01/01/0001|00|-|-|-|01/01/0001|0|0|1|
20130300|0103000406|30/03/2013||01|0001|0|0000018333|0|6|20514330761|BOTICA IGFARMA SAC|285.08|51.32|0.00|0.00|0.00|0.00|0.00|0.00|0.00|336.40|2.589|01/01/0001|00|-|-|-|01/01/0001|0|0|1|
20130300|0103000405|30/03/2013||01|0001|0|0000018332|0|6|20514330761|BOTICA IGFARMA SAC|547.63|98.57|0.00|0.00|0.00|0.00|0.00|0.00|0.00|646.20|2.589|01/01/0001|00|-|-|-|01/01/0001|0|0|1|
20130300|0103000403|30/03/2013||01|0001|0|0000018330|0|6|20514330761|BOTICA IGFARMA SAC|29.92|5.39|0.00|0.00|0.00|0.00|0.00|0.00|0.00|35.31|2.589|01/01/0001|00|-|-|-|01/01/0001|0|0|1|
20130300|0103000402|30/03/2013||01|0001|0|0000018329|0|6|20514330761|BOTICA IGFARMA SAC|618.67|111.36|0.00|0.00|0.00|0.00|0.00|0.00|0.00|730.03|2.589|01/01/0001|00|-|-|-|01/01/0001|0|0|1|
20130300|0103000401|30/03/2013||01|0001|0|0000018328|0|6|20514330761|BOTICA IGFARMA SAC|550.46|99.08|0.00|0.00|0.00|0.00|0.00|0.00|0.00|649.54|2.589|01/01/0001|00|-|-|-|01/01/0001|0|0|1|
20130300|0103000452|30/03/2013||01|0002|0|0000007343|0|6|10062038352|MANUEL ENRIQUE ARDILES BELLIDO|29.66|5.34|0.00|0.00|0.00|0.00|0.00|0.00|0.00|35.00|2.589|01/01/0001|00|-|-|-|01/01/0001|0|0|1|
20130300|0103000410|30/03/2013||01|0001|0|0000000659|0|6|20512949399|ANESTESIOLOGIA AVANZADA S.A.C.|4765.60|857.81|0.00|0.00|0.00|0.00|0.00|0.00|0.00|5623.41|2.589|01/01/0001|00|-|-|-|03/04/2013|0140714493|0|1|
20130300|0103000411|30/03/2013||01|0001|0|0000000658|0|6|20512949399|ANESTESIOLOGIA AVANZADA S.A.C.|4857.08|874.27|0.00|0.00|0.00|0.00|0.00|0.00|0.00|5731.35|2.589|01/01/0001|00|-|-|-|03/04/2013|0140714493|0|1|
20130300|0103000412|30/03/2013||01|0001|0|0000000657|0|6|20512949399|ANESTESIOLOGIA AVANZADA S.A.C.|6927.25|1246.91|0.00|0.00|0.00|0.00|0.00|0.00|0.00|8174.16|2.589|01/01/0001|00|-|-|-|03/04/2013|0140714493|0|1|
20130300|0103000409|30/03/2013||01|0001|0|0000018336|0|6|20514330761|BOTICA IGFARMA SAC|122.65|22.08|0.00|0.00|0.00|0.00|0.00|0.00|0.00|144.73|2.589|01/01/0001|00|-|-|-|01/01/0001|0|0|1|
20130300|0103000407|30/03/2013||01|0001|0|0000018334|0|6|20514330761|BOTICA IGFARMA SAC|27.97|5.03|0.00|0.00|0.00|0.00|0.00|0.00|0.00|33.00|2.589|01/01/0001|00|-|-|-|01/01/0001|0|0|1|
20130300|0103000404|30/03/2013||01|0001|0|0000018331|0|6|20514330761|BOTICA IGFARMA SAC|151.60|27.29|0.00|0.00|0.00|0.00|0.00|0.00|0.00|178.89|2.589|01/01/0001|00|-|-|-|01/01/0001|0|0|1|
20130300|0103000454|31/03/2013||01|0860|0|0000002743|0|6|20382072023|MESSER GASES DEL PERU S.A.|900.00|162.00|0.00|0.00|0.00|0.00|0.00|0.00|0.00|1062.00|2.589|01/01/0001|00|-|-|-|01/01/0001|0|0|1|
20130300|0103000456|31/03/2013||13|0002|0|0000279281|0|6|20100118760|DINERS CLUB PERU S.A.|40.00|7.20|0.00|0.00|0.00|0.00|0.00|0.00|0.00|47.20|1.000|01/01/0001|00|-|-|-|01/01/0001|0|0|1|
20130300|0103000460|31/03/2013||13|0001|0|0339979401|0|6|20341198217|COMPAÑIA PERUANA DE MEDIOS DE PAGO S.A.|2387.22|429.69|0.00|0.00|0.00|0.00|0.00|0.00|0.00|2816.91|2.589|01/01/0001|00|-|-|-|01/01/0001|0|0|1|
20130300|0103000455|31/03/2013||01|0421|0|0000042768|0|6|20338570041|PRAXAIR PERU S.R.L.|167.71|30.19|0.00|0.00|0.00|0.00|0.00|0.00|0.00|197.90|0.000|01/01/0001|00|-|-|-|01/01/0001|0|0|1|
20130300|0103000453|31/03/2013||01|0001|0|0000004473|0|6|20522157903|CASAMAMA S.A.C.|22.88|4.12|0.00|0.00|0.00|0.00|0.00|0.00|0.00|27.00|2.589|01/01/0001|00|-|-|-|01/01/0001|0|0|1|
20130300|0103000457|31/03/2013||12|0066|0|0000008277|0|6|20127765279|COESTI S.A.|84.75|15.25|0.00|0.00|0.00|0.00|0.00|0.00|0.00|100.00|1.000|01/01/0001|00|-|-|-|01/01/0001|0|0|1|
20130300|0103000459|31/03/2013||13|0001|0|0002751347|0|6|20432405525|PROCESOS MC PERU S.A.|621.96|111.95|0.00|0.00|0.00|0.00|0.00|0.00|0.00|733.91|2.589|01/01/0001|00|-|-|-|01/01/0001|0|0|1|
