20130200|0102000309|02/01/2013||01|0011|0|0000025188|0|6|20202380621|MAPFRE PERU COMPAÑIA DE SEGUROS Y REASEGUROS|97.45|17.54|0.00|0.00|0.00|0.00|0.00|0.00|0.00|114.99|2.578|01/01/0001|00|-|-|-|01/01/0001|0|0|6|
20130200|0102000405|14/01/2013|01/02/2013|14|0L00|0|0051859254|0|6|20290000263|TELEFONICA MULTIMEDIA S.A.C.|110.93|19.97|0.00|0.00|0.00|0.00|0.00|0.00|0.00|130.90|2.578|01/01/0001|00|-|-|-|01/01/0001|0|0|6|
20130200|0102000085|16/01/2013||01|0005|0|0000058627|0|6|20147720492|LABORATORIOS ROE S.A|68.64|12.36|0.00|0.00|0.00|0.00|0.00|0.00|0.00|81.00|2.578|01/01/0001|00|-|-|-|01/01/0001|0|0|6|
20130200|0102000407|28/01/2013|16/02/2013|14|T001|0|0102658497|0|6|20467534026|AMERICA MOVIL PERU  S.A.C. |371.06|66.79|0.00|0.00|0.00|0.00|0.00|0.00|0.00|437.85|2.570|01/01/0001|00|-|-|-|01/01/0001|0|0|6|
20130200|0102000419|28/01/2013|25/02/2013|14|T001|0|0102618773|0|6|20467534026|AMERICA MOVIL PERU  S.A.C. |1018.27|183.29|0.00|0.00|0.00|0.00|0.00|0.00|0.00|1201.56|2.583|01/01/0001|00|-|-|-|01/01/0001|0|0|6|
20130200|0102000406|31/01/2013|15/02/2013|14|0001|0|0147718347|0|6|20331898008|LUZ DEL SUR|5773.24|1039.18|0.00|0.00|0.00|0.00|106.78|0.00|0.00|6919.20|2.567|01/01/0001|00|-|-|-|01/01/0001|0|0|6|
20130200|0102000137|31/01/2013||13|0001|0|0001269325|0|6|20467737300|COMPAÑIA DE SERVICIOS CONEXOS EXPRESSNET S.A.C.|576.87|103.84|0.00|0.00|0.00|0.00|0.00|0.00|0.00|680.71|2.578|01/01/0001|00|-|-|-|01/01/0001|0|0|6|
20130200|0102000141|01/02/2013||12|0002|0|0000048092|0|6|20503840121|REPSOL COMERCIAL S.A.C.|84.75|15.25|0.00|0.00|0.00|0.00|0.00|0.00|0.00|100.00|2.578|01/01/0001|00|-|-|-|01/01/0001|0|0|1|
20130200|0102000421|01/02/2013|28/02/2013|14|0020|0|0000106015|0|6|20428698569|AMERICATEL PERU S.A.|8.09|1.46|0.00|0.00|0.00|0.00|0.00|0.00|0.00|9.55|2.578|01/01/0001|00|-|-|-|01/01/0001|0|0|1|
20130200|0102000018|01/02/2013||01|0001|0|0000021074|0|6|20139640099|ASOCIACION DE CLINICAS PARTICULARES DEL PERU|0.00|0.00|0.00|0.00|0.00|0.00|150.00|0.00|0.00|150.00|2.578|01/01/0001|00|-|-|-|01/01/0001|0|0|1|
20130200|0102000107|01/02/2013||01|0001|0|0000026423|0|6|20262097227|BRAZZINI RADIOLOGOS ASOCIADOS S.A.C.|173.73|31.27|0.00|0.00|0.00|0.00|0.00|0.00|0.00|205.00|2.578|01/01/0001|00|-|-|-|01/01/0001|0|0|1|
20130200|0102000420|01/02/2013|28/02/2013|14|0050|0|0005560616|0|6|20467534026|AMERICA MOVIL PERU  S.A.C. |761.07|136.99|0.00|0.00|0.00|0.00|0.00|0.00|0.00|898.06|2.578|01/01/0001|00|-|-|-|01/01/0001|0|0|1|
20130200|0102000408|01/02/2013|18/02/2013|14|0050|0|0005471383|0|6|20467534026|AMERICA MOVIL PERU  S.A.C. |179.32|32.28|0.00|0.00|0.00|0.00|0.00|0.00|0.00|211.60|2.578|01/01/0001|00|-|-|-|01/01/0001|0|0|1|
20130200|0102000010|01/02/2013||01|0375|0|0000367658|0|6|20100538203|APDAYC|0.00|0.00|0.00|0.00|0.00|0.00|105.00|0.00|0.00|105.00|2.578|01/01/0001|00|-|-|-|01/01/0001|0|0|1|
20130200|0102000015|01/02/2013||01|0002|0|0000002931|0|6|20505234627|BCCBIOMEDICAL S.A.C.|240.00|43.20|0.00|0.00|0.00|0.00|0.00|0.00|0.00|283.20|2.578|01/01/0001|00|-|-|-|01/01/0001|0|0|1|
20130200|0102000308|01/02/2013||01|0009|0|0003986001|0|6|20501426041|HIBU PERU S.A.C.|3433.36|618.00|0.00|0.00|0.00|0.00|0.00|0.00|0.00|4051.36|2.578|01/01/0001|00|-|-|-|01/01/0001|0|0|1|
20130200|0102000005|01/02/2013||01|0002|0|0000001269|0|6|20506301531|PUENTE-ARNAO TIRAVANTI ABOGADOS S.A.C.|2000.00|360.00|0.00|0.00|0.00|0.00|0.00|0.00|0.00|2360.00|2.578|01/01/0001|00|-|-|-|06/02/2013|0130382913|0|1|
20130200|0102000023|01/02/2013||01|0436|0|0000015695|0|6|20338570041|PRAXAIR PERU S.R.L.|152.46|27.44|0.00|0.00|0.00|0.00|0.00|0.00|0.00|179.90|2.578|01/01/0001|00|-|-|-|01/01/0001|0|0|1|
20130200|0102000347|01/02/2013||01|0015|0|0000263478|0|6|20431115825|PACIFICO S.A. ENT. PRESTADORA DE SALUD|0.00|0.00|0.00|0.00|0.00|0.00|2405.01|0.00|0.00|2405.01|2.578|01/01/0001|00|-|-|-|01/01/0001|0|0|1|
20130200|0102000348|01/02/2013||01|0015|0|0000263479|0|6|20431115825|PACIFICO S.A. ENT. PRESTADORA DE SALUD|0.00|0.00|0.00|0.00|0.00|0.00|704.96|0.00|0.00|704.96|2.578|01/01/0001|00|-|-|-|01/01/0001|0|0|1|
20130200|0102000020|01/02/2013||01|0001|0|0000017858|0|6|20514330761|BOTICA IGFARMA SAC|429.69|77.34|0.00|0.00|0.00|0.00|0.00|0.00|0.00|507.03|2.578|01/01/0001|00|-|-|-|01/01/0001|0|0|1|
20130200|0102000019|01/02/2013||01|0001|0|0000017861|0|6|20514330761|BOTICA IGFARMA SAC|140.48|25.29|0.00|0.00|0.00|0.00|0.00|0.00|0.00|165.77|2.578|01/01/0001|00|-|-|-|01/01/0001|0|0|1|
20130200|0102000021|01/02/2013||01|0001|0|0000017859|0|6|20514330761|BOTICA IGFARMA SAC|83.81|15.09|0.00|0.00|0.00|0.00|0.00|0.00|0.00|98.90|2.578|01/01/0001|00|-|-|-|01/01/0001|0|0|1|
20130200|0102000022|01/02/2013||01|0001|0|0000017862|0|6|20514330761|BOTICA IGFARMA SAC|48.20|8.68|0.00|0.00|0.00|0.00|0.00|0.00|0.00|56.88|2.578|01/01/0001|00|-|-|-|01/01/0001|0|0|1|
20130200|0102000122|01/02/2013||01|0005|0|0000058821|0|6|20147720492|LABORATORIOS ROE S.A|19.49|3.51|0.00|0.00|0.00|0.00|0.00|0.00|0.00|23.00|2.578|01/01/0001|00|-|-|-|01/01/0001|0|0|1|
20130200|0102000123|02/02/2013||01|0005|0|0000058828|0|6|20147720492|LABORATORIOS ROE S.A|78.81|14.19|0.00|0.00|0.00|0.00|0.00|0.00|0.00|93.00|2.572|01/01/0001|00|-|-|-|01/01/0001|0|0|1|
20130200|0102000248|02/02/2013||01|0001|0|0000017866|0|6|20514330761|BOTICA IGFARMA SAC|69.36|12.48|0.00|0.00|0.00|0.00|0.00|0.00|0.00|81.84|2.572|01/01/0001|00|-|-|-|01/01/0001|0|0|1|
20130200|0102000342|02/02/2013||01|0001|0|0000017868|0|6|20514330761|BOTICA IGFARMA SAC|2.95|0.53|0.00|0.00|0.00|0.00|0.00|0.00|0.00|3.48|2.572|01/01/0001|00|-|-|-|01/01/0001|0|0|1|
20130200|0102000104|02/02/2013||01|0001|0|0000017865|0|6|20514330761|BOTICA IGFARMA SAC|394.42|71.00|0.00|0.00|0.00|0.00|0.00|0.00|0.00|465.42|2.572|01/01/0001|00|-|-|-|01/01/0001|0|0|1|
20130200|0102000102|02/02/2013||01|0001|0|0000017864|0|6|20514330761|BOTICA IGFARMA SAC|841.13|151.40|0.00|0.00|0.00|0.00|0.00|0.00|0.00|992.53|2.572|01/01/0001|00|-|-|-|01/01/0001|0|0|1|
20130200|0102000027|02/02/2013||01|0002|0|0000516914|0|6|20107254375|FERRETERIA PIEMONTESA S.R.LTDA.|19.15|3.45|0.00|0.00|0.00|0.00|0.00|0.00|0.00|22.60|2.572|01/01/0001|00|-|-|-|01/01/0001|0|0|1|
20130200|0102000055|02/02/2013||01|0912|0|0000010042|0|6|20256136865|SERVICIOS POSTALES DEL PERU S.A.|31.78|5.72|0.00|0.00|0.00|0.00|0.00|0.00|0.00|37.50|2.572|01/01/0001|00|-|-|-|01/01/0001|0|0|1|
20130200|0102000001|02/02/2013||01|0006|0|0000035890|0|6|20512969233|MERCANTIL LABORATORIO S.A.C.|2720.00|489.60|0.00|0.00|0.00|0.00|0.00|0.00|0.00|3209.60|2.572|01/01/0001|00|-|-|-|01/01/0001|0|0|1|
20130200|0102000026|02/02/2013||01|0001|0|0000004236|0|6|20522157903|CASAMAMA S.A.C.|22.88|4.12|0.00|0.00|0.00|0.00|0.00|0.00|0.00|27.00|2.572|01/01/0001|00|-|-|-|01/01/0001|0|0|1|
20130200|0102000025|02/02/2013||01|0001|0|0000000721|0|6|20547359799|LAVA SPEED S.A.C.|120.90|21.76|0.00|0.00|0.00|0.00|0.00|0.00|0.00|142.66|2.572|01/01/0001|00|-|-|-|12/02/2013|0131634931|0|1|
20130200|0102000024|02/02/2013||01|0001|0|0000000720|0|6|20547359799|LAVA SPEED S.A.C.|1075.90|193.66|0.00|0.00|0.00|0.00|0.00|0.00|0.00|1269.56|2.572|01/01/0001|00|-|-|-|12/02/2013|0131634931|0|1|
20130200|0102000028|03/02/2013||01|0411|0|0000070909|0|6|20338570041|PRAXAIR PERU S.R.L.|138.96|25.01|0.00|0.00|0.00|0.00|0.00|0.00|0.00|163.97|2.572|01/01/0001|00|-|-|-|01/01/0001|0|0|1|
20130200|0102000135|03/02/2013||01|0421|0|0000042305|0|6|20338570041|PRAXAIR PERU S.R.L.|240.60|43.31|0.00|0.00|0.00|0.00|0.00|0.00|0.00|283.91|2.572|01/01/0001|00|-|-|-|01/01/0001|0|0|1|
20130200|0102000142|03/02/2013||12|0017|0|0000000114|0|6|20100106915|E. WONG S.A.|18.05|3.25|0.00|0.00|0.00|0.00|0.00|0.00|0.00|21.30|2.572|01/01/0001|00|-|-|-|01/01/0001|0|0|1|
20130200|0102000089|04/02/2013||01|0002|0|0000002491|0|6|20136532597|GENETICA S.C.R.LTDA.|2593.22|466.78|0.00|0.00|0.00|0.00|0.00|0.00|0.00|3060.00|2.572|01/01/0001|00|-|-|-|01/01/0001|0|0|1|
20130200|0102000211|04/02/2013||01|0001|0|0000017871|0|6|20514330761|BOTICA IGFARMA SAC|200.79|36.14|0.00|0.00|0.00|0.00|0.00|0.00|0.00|236.93|2.572|01/01/0001|00|-|-|-|01/01/0001|0|0|1|
20130200|0102000004|04/02/2013||01|0002|0|0000517015|0|6|20107254375|FERRETERIA PIEMONTESA S.R.LTDA.|15.05|2.71|0.00|0.00|0.00|0.00|0.00|0.00|0.00|17.76|2.572|01/01/0001|00|-|-|-|01/01/0001|0|0|1|
20130200|0102000030|04/02/2013||01|0002|0|0000516986|0|6|20107254375|FERRETERIA PIEMONTESA S.R.LTDA.|42.97|7.73|0.00|0.00|0.00|0.00|0.00|0.00|0.00|50.70|2.572|01/01/0001|00|-|-|-|01/01/0001|0|0|1|
20130200|0102000029|04/02/2013||01|0002|0|0000516975|0|6|20107254375|FERRETERIA PIEMONTESA S.R.LTDA.|27.52|4.96|0.00|0.00|0.00|0.00|0.00|0.00|0.00|32.48|2.572|01/01/0001|00|-|-|-|01/01/0001|0|0|1|
20130200|0102000031|04/02/2013||01|0005|0|0000013958|0|6|20124163693|BENITES, FORNO & UGAZ ABOGADOS S.CIVIL DE R.L.|2500.00|450.00|0.00|0.00|0.00|0.00|0.00|0.00|0.00|2950.00|2.572|01/01/0001|00|-|-|-|12/02/2013|0131634157|0|1|
20130200|0102000006|04/02/2013||01|0001|0|0000001212|0|6|10077996406|ROUILLON GALLESE MARIA ELENA|690.68|124.32|0.00|0.00|0.00|0.00|0.00|0.00|0.00|815.00|2.572|01/01/0001|00|-|-|-|05/02/2013|0130383068|0|1|
20130200|0102000007|04/02/2013||01|0001|0|0000001213|0|6|10077996406|ROUILLON GALLESE MARIA ELENA|4455.32|801.95|0.00|0.00|0.00|0.00|0.00|0.00|0.00|5257.27|2.572|01/01/0001|00|-|-|-|05/02/2013|0130383068|0|1|
20130200|0102000111|04/02/2013||01|0001|0|0000000689|0|6|20508748427|CORPORACION MARLYC S.A.C.|550.80|99.14|0.00|0.00|0.00|0.00|0.00|0.00|0.00|649.94|2.572|01/01/0001|00|-|-|-|01/01/0001|0|0|1|
20130200|0102000032|04/02/2013||01|0002|0|0000002934|0|6|20505234627|BCCBIOMEDICAL S.A.C.|805.08|144.92|0.00|0.00|0.00|0.00|0.00|0.00|0.00|950.00|2.572|01/01/0001|00|-|-|-|18/02/2013|0133019844|0|1|
20130200|0102000090|04/02/2013||01|0001|0|0000000262|0|6|10100193171|QUISPE PARRA CESAR FELIPE|288.14|51.86|0.00|0.00|0.00|0.00|0.00|0.00|0.00|340.00|2.572|01/01/0001|00|-|-|-|01/01/0001|0|0|1|
20130200|0102000108|04/02/2013||01|0001|0|0000026433|0|6|20262097227|BRAZZINI RADIOLOGOS ASOCIADOS S.A.C.|210.80|37.95|0.00|0.00|0.00|0.00|0.00|0.00|0.00|248.75|2.572|01/01/0001|00|-|-|-|01/01/0001|0|0|1|
20130200|0102000109|05/02/2013||01|0001|0|0000026445|0|6|20262097227|BRAZZINI RADIOLOGOS ASOCIADOS S.A.C.|210.80|37.95|0.00|0.00|0.00|0.00|0.00|0.00|0.00|248.75|2.577|01/01/0001|00|-|-|-|01/01/0001|0|0|1|
20130200|0102000124|05/02/2013||01|0005|0|0000058854|0|6|20147720492|LABORATORIOS ROE S.A|287.29|51.71|0.00|0.00|0.00|0.00|0.00|0.00|0.00|339.00|2.577|01/01/0001|00|-|-|-|01/01/0001|0|0|1|
20130200|0102000128|05/02/2013||01|0005|0|0000058866|0|6|20147720492|LABORATORIOS ROE S.A|59.32|10.68|0.00|0.00|0.00|0.00|0.00|0.00|0.00|70.00|2.577|01/01/0001|00|-|-|-|01/01/0001|0|0|1|
20130200|0102000011|05/02/2013||01|0001|0|0000029084|0|6|20510716974|CORPORACION WORLD IMPORT EIRL|494.07|88.93|0.00|0.00|0.00|0.00|0.00|0.00|0.00|583.00|2.577|01/01/0001|00|-|-|-|01/01/0001|0|0|1|
20130200|0102000259|05/02/2013||91|0001|0|0000000920|0|0|1323227536|SEPAL REPRODUCTIVE INTERNATIONAL|0.00|0.00|0.00|0.00|0.00|0.00|3478.95|0.00|0.00|3478.95|2.577|01/01/0001|00|-|-|0000000920|01/01/0001|0|0|1|
20130200|0102000033|05/02/2013||01|0002|0|0000002936|0|6|20505234627|BCCBIOMEDICAL S.A.C.|1144.07|205.93|0.00|0.00|0.00|0.00|0.00|0.00|0.00|1350.00|2.577|01/01/0001|00|-|-|-|18/02/2013|0133019844|0|1|
20130200|0102000008|05/02/2013||01|0001|0|0000039428|0|6|20100162238|AHSECO PERU S.A.|2038.98|367.02|0.00|0.00|0.00|0.00|0.00|0.00|0.00|2406.00|2.577|01/01/0001|00|-|-|-|01/01/0001|0|0|1|
20130200|0102000002|05/02/2013||01|0001|0|0000000458|0|6|20515827723|DAXLEY DEL PERU S.A.C.|1565.00|281.70|0.00|0.00|0.00|0.00|0.00|0.00|0.00|1846.70|2.577|01/01/0001|00|-|-|-|01/01/0001|0|0|1|
20130200|0102000003|05/02/2013||01|0001|0|0000006026|0|6|20507883266|MEDISPEC PERU S.A.C|252.54|45.46|0.00|0.00|0.00|0.00|0.00|0.00|0.00|298.00|2.577|01/01/0001|00|-|-|-|01/01/0001|0|0|1|
20130200|0102000364|05/02/2013||01|0001|0|0000017874|0|6|20514330761|BOTICA IGFARMA SAC|228.38|41.11|0.00|0.00|0.00|0.00|0.00|0.00|0.00|269.49|2.577|01/01/0001|00|-|-|-|01/01/0001|0|0|1|
20130200|0102000009|05/02/2013||01|0002|0|0000517087|0|6|20107254375|FERRETERIA PIEMONTESA S.R.LTDA.|2.20|0.40|0.00|0.00|0.00|0.00|0.00|0.00|0.00|2.60|2.577|01/01/0001|00|-|-|-|01/01/0001|0|0|1|
20130200|0102000034|05/02/2013||01|0427|0|0000033386|0|6|20338570041|PRAXAIR PERU S.R.L.|138.96|25.01|0.00|0.00|0.00|0.00|0.00|0.00|0.00|163.97|2.577|01/01/0001|00|-|-|-|01/01/0001|0|0|1|
20130200|0102000035|05/02/2013||01|0436|0|0000015710|0|6|20338570041|PRAXAIR PERU S.R.L.|50.82|9.15|0.00|0.00|0.00|0.00|0.00|0.00|0.00|59.97|2.577|01/01/0001|00|-|-|-|01/01/0001|0|0|1|
20130200|0102000043|05/02/2013||01|0001|0|0000017879|0|6|20514330761|BOTICA IGFARMA SAC|185.56|33.40|0.00|0.00|0.00|0.00|0.00|0.00|0.00|218.96|2.577|01/01/0001|00|-|-|-|01/01/0001|0|0|1|
20130200|0102000051|05/02/2013||01|0001|0|0000017888|0|6|20514330761|BOTICA IGFARMA SAC|125.26|22.55|0.00|0.00|0.00|0.00|0.00|0.00|0.00|147.81|2.577|01/01/0001|00|-|-|-|01/01/0001|0|0|1|
20130200|0102000041|05/02/2013||01|0001|0|0000017877|0|6|20514330761|BOTICA IGFARMA SAC|127.47|22.94|0.00|0.00|0.00|0.00|0.00|0.00|0.00|150.41|2.577|01/01/0001|00|-|-|-|01/01/0001|0|0|1|
20130200|0102000042|05/02/2013||01|0001|0|0000017878|0|6|20514330761|BOTICA IGFARMA SAC|134.58|24.22|0.00|0.00|0.00|0.00|0.00|0.00|0.00|158.80|2.577|01/01/0001|00|-|-|-|01/01/0001|0|0|1|
20130200|0102000044|05/02/2013||01|0001|0|0000017880|0|6|20514330761|BOTICA IGFARMA SAC|124.82|22.47|0.00|0.00|0.00|0.00|0.00|0.00|0.00|147.29|2.577|01/01/0001|00|-|-|-|01/01/0001|0|0|1|
20130200|0102000045|05/02/2013||01|0001|0|0000017881|0|6|20514330761|BOTICA IGFARMA SAC|114.36|20.59|0.00|0.00|0.00|0.00|0.00|0.00|0.00|134.95|2.577|01/01/0001|00|-|-|-|01/01/0001|0|0|1|
20130200|0102000046|05/02/2013||01|0001|0|0000017882|0|6|20514330761|BOTICA IGFARMA SAC|123.85|22.29|0.00|0.00|0.00|0.00|0.00|0.00|0.00|146.14|2.577|01/01/0001|00|-|-|-|01/01/0001|0|0|1|
20130200|0102000047|05/02/2013||01|0001|0|0000017883|0|6|20514330761|BOTICA IGFARMA SAC|134.15|24.15|0.00|0.00|0.00|0.00|0.00|0.00|0.00|158.30|2.577|01/01/0001|00|-|-|-|01/01/0001|0|0|1|
20130200|0102000048|05/02/2013||01|0001|0|0000017884|0|6|20514330761|BOTICA IGFARMA SAC|200.06|36.01|0.00|0.00|0.00|0.00|0.00|0.00|0.00|236.07|2.577|01/01/0001|00|-|-|-|01/01/0001|0|0|1|
20130200|0102000049|05/02/2013||01|0001|0|0000017886|0|6|20514330761|BOTICA IGFARMA SAC|146.72|26.41|0.00|0.00|0.00|0.00|0.00|0.00|0.00|173.13|2.577|01/01/0001|00|-|-|-|01/01/0001|0|0|1|
20130200|0102000125|05/02/2013||01|0005|0|0000058855|0|6|20147720492|LABORATORIOS ROE S.A|385.59|69.41|0.00|0.00|0.00|0.00|0.00|0.00|0.00|455.00|2.577|01/01/0001|00|-|-|-|01/01/0001|0|0|1|
20130200|0102000126|05/02/2013||01|0005|0|0000058862|0|6|20147720492|LABORATORIOS ROE S.A|48.31|8.69|0.00|0.00|0.00|0.00|0.00|0.00|0.00|57.00|2.577|01/01/0001|00|-|-|-|01/01/0001|0|0|1|
20130200|0102000127|05/02/2013||01|0005|0|0000058864|0|6|20147720492|LABORATORIOS ROE S.A|48.31|8.69|0.00|0.00|0.00|0.00|0.00|0.00|0.00|57.00|2.577|01/01/0001|00|-|-|-|01/01/0001|0|0|1|
20130200|0102000365|05/02/2013||01|0001|0|0000017890|0|6|20514330761|BOTICA IGFARMA SAC|65.65|11.82|0.00|0.00|0.00|0.00|0.00|0.00|0.00|77.47|2.577|01/01/0001|00|-|-|-|01/01/0001|0|0|1|
20130200|0102000362|05/02/2013||01|0001|0|0000017873|0|6|20514330761|BOTICA IGFARMA SAC|481.62|86.69|0.00|0.00|0.00|0.00|0.00|0.00|0.00|568.31|2.577|01/01/0001|00|-|-|-|01/01/0001|0|0|1|
20130200|0102000040|05/02/2013||01|0001|0|0000017876|0|6|20514330761|BOTICA IGFARMA SAC|143.52|25.83|0.00|0.00|0.00|0.00|0.00|0.00|0.00|169.35|2.577|01/01/0001|00|-|-|-|01/01/0001|0|0|1|
20130200|0102000429|05/02/2013||01|0001|0|0000017885|0|6|20514330761|BOTICA IGFARMA SAC|179.07|32.23|0.00|0.00|0.00|0.00|0.00|0.00|0.00|211.30|2.577|01/01/0001|00|-|-|-|01/01/0001|0|0|1|
20130200|0102000050|05/02/2013||01|0001|0|0000017887|0|6|20514330761|BOTICA IGFARMA SAC|176.63|31.79|0.00|0.00|0.00|0.00|0.00|0.00|0.00|208.42|2.577|01/01/0001|00|-|-|-|01/01/0001|0|0|1|
20130200|0102000052|05/02/2013||01|0001|0|0000017889|0|6|20514330761|BOTICA IGFARMA SAC|140.57|25.30|0.00|0.00|0.00|0.00|0.00|0.00|0.00|165.87|2.577|01/01/0001|00|-|-|-|01/01/0001|0|0|1|
20130200|0102000284|05/02/2013||01|0001|0|0000017872|0|6|20514330761|BOTICA IGFARMA SAC|105.76|19.04|0.00|0.00|0.00|0.00|0.00|0.00|0.00|124.80|2.577|01/01/0001|00|-|-|-|01/01/0001|0|0|1|
20130200|0102000363|05/02/2013||01|0001|0|0000017875|0|6|20514330761|BOTICA IGFARMA SAC|129.26|23.27|0.00|0.00|0.00|0.00|0.00|0.00|0.00|152.53|2.577|01/01/0001|00|-|-|-|01/01/0001|0|0|1|
20130200|0102000366|06/02/2013||01|0001|0|0000017893|0|6|20514330761|BOTICA IGFARMA SAC|153.19|27.58|0.00|0.00|0.00|0.00|0.00|0.00|0.00|180.77|2.577|01/01/0001|00|-|-|-|01/01/0001|0|0|1|
20130200|0102000368|06/02/2013||01|0001|0|0000017899|0|6|20514330761|BOTICA IGFARMA SAC|345.12|62.12|0.00|0.00|0.00|0.00|0.00|0.00|0.00|407.24|2.577|01/01/0001|00|-|-|-|01/01/0001|0|0|1|
20130200|0102000369|06/02/2013||01|0001|0|0000017900|0|6|20514330761|BOTICA IGFARMA SAC|14.23|2.56|0.00|0.00|0.00|0.00|0.00|0.00|0.00|16.79|2.577|01/01/0001|00|-|-|-|01/01/0001|0|0|1|
20130200|0102000370|06/02/2013||01|0001|0|0000017901|0|6|20514330761|BOTICA IGFARMA SAC|226.59|40.79|0.00|0.00|0.00|0.00|0.00|0.00|0.00|267.38|2.577|01/01/0001|00|-|-|-|01/01/0001|0|0|1|
20130200|0102000371|06/02/2013||01|0001|0|0000017902|0|6|20514330761|BOTICA IGFARMA SAC|464.43|83.60|0.00|0.00|0.00|0.00|0.00|0.00|0.00|548.03|2.577|01/01/0001|00|-|-|-|01/01/0001|0|0|1|
20130200|0102000053|06/02/2013||01|0001|0|0000017894|0|6|20514330761|BOTICA IGFARMA SAC|378.58|68.14|0.00|0.00|0.00|0.00|0.00|0.00|0.00|446.72|2.577|01/01/0001|00|-|-|-|01/01/0001|0|0|1|
20130200|0102000057|06/02/2013||01|0001|0|0000044017|0|6|20511283974|CORPORACION COPYMAX S.A.C.|2620.68|471.72|0.00|0.00|0.00|0.00|0.00|0.00|0.00|3092.40|2.577|01/01/0001|00|-|-|-|01/01/0001|0|0|1|
20130200|0102000017|06/02/2013||12|0017|0|0000000045|0|6|20100106915|E. WONG S.A.|5.25|0.95|0.00|0.00|0.00|0.00|0.00|0.00|0.00|6.20|2.577|01/01/0001|00|-|-|-|01/01/0001|0|0|1|
20130200|0102000014|06/02/2013||01|0001|0|0000001687|0|6|20512215328|MEDICAL REPRESENTACIONES S.A.C.|122.03|21.97|0.00|0.00|0.00|0.00|0.00|0.00|0.00|144.00|2.577|01/01/0001|00|-|-|-|01/01/0001|0|0|1|
20130200|0102000367|06/02/2013||01|0001|0|0000017897|0|6|20514330761|BOTICA IGFARMA SAC|146.35|26.34|0.00|0.00|0.00|0.00|0.00|0.00|0.00|172.69|2.577|01/01/0001|00|-|-|-|01/01/0001|0|0|1|
20130200|0102000037|06/02/2013||01|0001|0|0000008708|0|6|20373649679|GINEFERT S.A.C.|109.41|19.69|0.00|0.00|0.00|0.00|0.00|0.00|0.00|129.10|2.577|01/01/0001|00|-|-|-|01/01/0001|0|0|1|
20130200|0102000013|06/02/2013||01|0001|0|0000000079|0|6|10440171813|MENDOZA SOTO MARIA JULIA|1092.00|196.56|0.00|0.00|0.00|0.00|0.00|0.00|0.00|1288.56|2.577|01/01/0001|00|-|-|-|01/01/0001|0|0|1|
20130200|0102000036|06/02/2013||01|0001|0|0000013771|0|6|20522737063|A - SERVICES E.I.R.L.|150.00|27.00|0.00|0.00|0.00|0.00|0.00|0.00|0.00|177.00|2.577|01/01/0001|00|-|-|-|01/01/0001|0|0|1|
20130200|0102000266|06/02/2013||91|0PSI|0|0000037514|0|0|00000458912|ORIGIO HUMAGEN PIPETS|5056.07|0.00|0.00|0.00|0.00|0.00|0.00|0.00|0.00|5056.07|2.577|01/01/0001|00|-|-|0000037514|01/01/0001|0|0|1|
20130200|0102000131|06/02/2013||01|0005|0|0000058886|0|6|20147720492|LABORATORIOS ROE S.A|273.73|49.27|0.00|0.00|0.00|0.00|0.00|0.00|0.00|323.00|2.577|01/01/0001|00|-|-|-|01/01/0001|0|0|1|
20130200|0102000129|06/02/2013||01|0005|0|0000058867|0|6|20147720492|LABORATORIOS ROE S.A|102.54|18.46|0.00|0.00|0.00|0.00|0.00|0.00|0.00|121.00|2.577|01/01/0001|00|-|-|-|01/01/0001|0|0|1|
20130200|0102000012|06/02/2013||01|0001|0|0000031197|0|6|20343466154|FERTI FARM S.A.C.|5016.27|902.93|0.00|0.00|0.00|0.00|0.00|0.00|0.00|5919.20|2.577|01/01/0001|00|-|-|-|01/01/0001|0|0|1|
20130200|0102000038|06/02/2013||01|0012|0|0000069348|0|6|20125684441|T-COPIA S.A.C.|7.46|1.34|0.00|0.00|0.00|0.00|0.00|0.00|0.00|8.80|2.577|01/01/0001|00|-|-|-|01/01/0001|0|0|1|
20130200|0102000181|06/02/2013||01|0005|0|0000058883|0|6|20147720492|LABORATORIOS ROE S.A|78.81|14.19|0.00|0.00|0.00|0.00|0.00|0.00|0.00|93.00|2.577|01/01/0001|00|-|-|-|01/01/0001|0|0|1|
20130200|0102000130|06/02/2013||01|0005|0|0000058878|0|6|20147720492|LABORATORIOS ROE S.A|53.39|9.61|0.00|0.00|0.00|0.00|0.00|0.00|0.00|63.00|2.577|01/01/0001|00|-|-|-|01/01/0001|0|0|1|
20130200|0102000060|07/02/2013||01|0001|0|0000017907|0|6|20514330761|BOTICA IGFARMA SAC|146.52|26.37|0.00|0.00|0.00|0.00|0.00|0.00|0.00|172.89|2.579|01/01/0001|00|-|-|-|01/01/0001|0|0|1|
20130200|0102000091|07/02/2013||01|0012|0|0000069368|0|6|20125684441|T-COPIA S.A.C.|23.14|4.16|0.00|0.00|0.00|0.00|0.00|0.00|0.00|27.30|2.577|01/01/0001|00|-|-|-|01/01/0001|0|0|1|
20130200|0102000132|07/02/2013||01|0005|0|0000058893|0|6|20147720492|LABORATORIOS ROE S.A|273.73|49.27|0.00|0.00|0.00|0.00|0.00|0.00|0.00|323.00|2.577|01/01/0001|00|-|-|-|01/01/0001|0|0|1|
20130200|0102000133|07/02/2013||01|0005|0|0000058896|0|6|20147720492|LABORATORIOS ROE S.A|122.03|21.97|0.00|0.00|0.00|0.00|0.00|0.00|0.00|144.00|2.577|01/01/0001|00|-|-|-|01/01/0001|0|0|1|
20130200|0102000016|07/02/2013||01|0002|0|0000015056|0|6|20501549801|FERCO MEDICAL S.A.C.|534.75|96.25|0.00|0.00|0.00|0.00|0.00|0.00|0.00|631.00|2.577|01/01/0001|00|-|-|-|01/01/0001|0|0|1|
20130200|0102000039|07/02/2013||01|0002|0|0000517282|0|6|20107254375|FERRETERIA PIEMONTESA S.R.LTDA.|76.78|13.82|0.00|0.00|0.00|0.00|0.00|0.00|0.00|90.60|2.577|01/01/0001|00|-|-|-|01/01/0001|0|0|1|
20130200|0102000092|07/02/2013||01|0002|0|0000020136|0|6|20101163688|AROCA CIA. COMERCIAL S.R.LTDA.|148.30|26.70|0.00|0.00|0.00|0.00|0.00|0.00|0.00|175.00|2.577|01/01/0001|00|-|-|-|01/01/0001|0|0|1|
20130200|0102000372|07/02/2013||01|0001|0|0000017903|0|6|20514330761|BOTICA IGFARMA SAC|125.76|22.64|0.00|0.00|0.00|0.00|0.00|0.00|0.00|148.40|2.577|01/01/0001|00|-|-|-|01/01/0001|0|0|1|
20130200|0102000374|07/02/2013||01|0001|0|0000017906|0|6|20514330761|BOTICA IGFARMA SAC|220.38|39.67|0.00|0.00|0.00|0.00|0.00|0.00|0.00|260.05|2.577|01/01/0001|00|-|-|-|01/01/0001|0|0|1|
20130200|0102000373|07/02/2013||01|0001|0|0000017904|0|6|20514330761|BOTICA IGFARMA SAC|392.19|70.60|0.00|0.00|0.00|0.00|0.00|0.00|0.00|462.79|2.577|01/01/0001|00|-|-|-|01/01/0001|0|0|1|
20130200|0102000061|07/02/2013||01|0001|0|0000017908|0|6|20514330761|BOTICA IGFARMA SAC|167.56|30.16|0.00|0.00|0.00|0.00|0.00|0.00|0.00|197.72|0.000|01/01/0001|00|-|-|-|01/01/0001|0|0|1|
20130200|0102000064|08/02/2013||01|0001|0|0000017914|0|6|20514330761|BOTICA IGFARMA SAC|455.67|82.02|0.00|0.00|0.00|0.00|0.00|0.00|0.00|537.69|2.579|01/01/0001|00|-|-|-|01/01/0001|0|0|1|
20130200|0102000066|08/02/2013||01|0001|0|0000017916|0|6|20514330761|BOTICA IGFARMA SAC|101.83|18.33|0.00|0.00|0.00|0.00|0.00|0.00|0.00|120.16|2.579|01/01/0001|00|-|-|-|01/01/0001|0|0|1|
20130200|0102000213|08/02/2013||01|0860|0|0000002592|0|6|20382072023|MESSER GASES DEL PERU S.A.|892.80|160.70|0.00|0.00|0.00|0.00|0.00|0.00|0.00|1053.50|2.579|01/01/0001|00|-|-|-|01/01/0001|0|0|1|
20130200|0102000214|08/02/2013||01|0860|0|0000002594|0|6|20382072023|MESSER GASES DEL PERU S.A.|892.80|160.70|0.00|0.00|0.00|0.00|0.00|0.00|0.00|1053.50|2.579|01/01/0001|00|-|-|-|01/01/0001|0|0|1|
20130200|0102000088|08/02/2013||01|0001|0|0000009473|0|6|20515339338|NACON DISTRIBUCIONES GENERALES EIRL|791.53|142.47|0.00|0.00|0.00|0.00|0.00|0.00|0.00|934.00|2.579|01/01/0001|00|-|-|-|01/01/0001|0|0|1|
20130200|0102000212|08/02/2013||01|0001|0|0000000530|0|6|20516305054|FERRETERIA MOYA E HIJOS S.A.C.|244.07|43.93|0.00|0.00|0.00|0.00|0.00|0.00|0.00|288.00|2.579|01/01/0001|00|-|-|-|01/01/0001|0|0|1|
20130200|0102000143|08/02/2013||12|0003|0|0000287924|0|6|20100094569|ASESORIA COMERCIAL S.A.|84.75|15.25|0.00|0.00|0.00|0.00|0.00|0.00|0.00|100.00|2.579|01/01/0001|00|-|-|-|01/01/0001|0|0|1|
20130200|0102000119|08/02/2013||01|0002|0|0000517388|0|6|20107254375|FERRETERIA PIEMONTESA S.R.LTDA.|279.32|50.28|0.00|0.00|0.00|0.00|0.00|0.00|0.00|329.60|2.579|01/01/0001|00|-|-|-|01/01/0001|0|0|1|
20130200|0102000237|08/02/2013||01|0002|0|0000002447|0|6|20508798955|CREACIONES CRISTINA E.I.R.L.|203.39|36.61|0.00|0.00|0.00|0.00|0.00|0.00|0.00|240.00|2.579|01/01/0001|00|-|-|-|01/01/0001|0|0|1|
20130200|0102000087|08/02/2013||01|0004|0|0000001208|0|6|20432708269|NEGOCIOS GRAFICOS ANTARES SRL|600.00|108.00|0.00|0.00|0.00|0.00|0.00|0.00|0.00|708.00|2.579|01/01/0001|00|-|-|-|01/01/0001|0|0|1|
20130200|0102000110|08/02/2013||01|0004|0|0000001206|0|6|20432708269|NEGOCIOS GRAFICOS ANTARES SRL|210.00|37.80|0.00|0.00|0.00|0.00|0.00|0.00|0.00|247.80|2.579|01/01/0001|00|-|-|-|01/01/0001|0|0|1|
20130200|0102000093|08/02/2013||01|0001|0|0000000076|0|6|20550084857|THE LED HOUSE E.I.R.L.|80.51|14.49|0.00|0.00|0.00|0.00|0.00|0.00|0.00|95.00|2.579|01/01/0001|00|-|-|-|01/01/0001|0|0|1|
20130200|0102000183|08/02/2013||01|0005|0|0000058913|0|6|20147720492|LABORATORIOS ROE S.A|77.12|13.88|0.00|0.00|0.00|0.00|0.00|0.00|0.00|91.00|2.579|01/01/0001|00|-|-|-|01/01/0001|0|0|1|
20130200|0102000182|08/02/2013||01|0005|0|0000058900|0|6|20147720492|LABORATORIOS ROE S.A|33.90|6.10|0.00|0.00|0.00|0.00|0.00|0.00|0.00|40.00|2.579|01/01/0001|00|-|-|-|01/01/0001|0|0|1|
20130200|0102000062|08/02/2013||01|0001|0|0000017912|0|6|20514330761|BOTICA IGFARMA SAC|1086.51|195.57|0.00|0.00|0.00|0.00|0.00|0.00|0.00|1282.08|0.000|01/01/0001|00|-|-|-|01/01/0001|0|0|1|
20130200|0102000063|08/02/2013||01|0001|0|0000017913|0|6|20514330761|BOTICA IGFARMA SAC|26.27|4.73|0.00|0.00|0.00|0.00|0.00|0.00|0.00|31.00|0.000|01/01/0001|00|-|-|-|01/01/0001|0|0|1|
20130200|0102000065|08/02/2013||01|0001|0|0000017915|0|6|20514330761|BOTICA IGFARMA SAC|166.85|30.03|0.00|0.00|0.00|0.00|0.00|0.00|0.00|196.88|0.000|01/01/0001|00|-|-|-|01/01/0001|0|0|1|
20130200|0102000378|09/02/2013||01|0001|0|0000017919|0|6|20514330761|BOTICA IGFARMA SAC|109.76|19.76|0.00|0.00|0.00|0.00|0.00|0.00|0.00|129.52|2.579|01/01/0001|00|-|-|-|01/01/0001|0|0|1|
20130200|0102000067|09/02/2013||01|0001|0|0000017918|0|6|20514330761|BOTICA IGFARMA SAC|412.54|74.26|0.00|0.00|0.00|0.00|0.00|0.00|0.00|486.80|2.579|01/01/0001|00|-|-|-|01/01/0001|0|0|1|
20130200|0102000376|09/02/2013||01|0001|0|0000017917|0|6|20514330761|BOTICA IGFARMA SAC|69.77|12.56|0.00|0.00|0.00|0.00|0.00|0.00|0.00|82.33|2.579|01/01/0001|00|-|-|-|01/01/0001|0|0|1|
20130200|0102000120|09/02/2013||01|0002|0|0000517403|0|6|20107254375|FERRETERIA PIEMONTESA S.R.LTDA.|85.97|15.47|0.00|0.00|0.00|0.00|0.00|0.00|0.00|101.44|2.579|01/01/0001|00|-|-|-|01/01/0001|0|0|1|
20130200|0102000145|09/02/2013||12|0005|0|0000198728|0|6|20388829452|LASINO S.A.|11.81|2.13|0.00|0.00|0.00|0.00|1.06|0.00|0.00|15.00|2.579|01/01/0001|00|-|-|-|01/01/0001|0|0|1|
20130200|0102000144|09/02/2013||12|0005|0|0000198659|0|6|20388829452|LASINO S.A.|10.24|1.85|0.00|0.00|0.00|0.00|0.91|0.00|0.00|13.00|2.579|01/01/0001|00|-|-|-|01/01/0001|0|0|1|
20130200|0102000184|09/02/2013||01|0005|0|0000058916|0|6|20147720492|LABORATORIOS ROE S.A|17.80|3.20|0.00|0.00|0.00|0.00|0.00|0.00|0.00|21.00|2.579|01/01/0001|00|-|-|-|01/01/0001|0|0|1|
20130200|0102000146|09/02/2013||12|0002|0|0000096887|0|6|20503840121|REPSOL COMERCIAL S.A.C.|84.75|15.25|0.00|0.00|0.00|0.00|0.00|0.00|0.00|100.00|2.579|01/01/0001|00|-|-|-|01/01/0001|0|0|1|
20130200|0102000095|09/02/2013||01|0001|0|0000000735|0|6|20547359799|LAVA SPEED S.A.C.|141.60|25.49|0.00|0.00|0.00|0.00|0.00|0.00|0.00|167.09|2.579|01/01/0001|00|-|-|-|18/02/2013|0133019400|0|1|
20130200|0102000094|09/02/2013||01|0001|0|0000000734|0|6|20547359799|LAVA SPEED S.A.C.|1114.82|200.67|0.00|0.00|0.00|0.00|0.00|0.00|0.00|1315.49|2.579|01/01/0001|00|-|-|-|18/02/2013|0133019400|0|1|
20130200|0102000417|10/02/2013|22/02/2013|14|0501|0|0007991003|0|6|20428698569|AMERICATEL PERU S.A.|10.00|1.80|0.00|0.00|0.00|0.00|0.00|0.00|0.00|11.80|2.579|01/01/0001|00|-|-|-|01/01/0001|0|0|1|
20130200|0102000428|10/02/2013|20/02/2013|14|0005|0|0709068125|0|6|20100017491|TELEFONICA DEL PERU S.A.A.|59.95|10.79|0.00|0.00|0.00|0.00|0.00|0.00|0.00|70.74|2.579|01/01/0001|00|-|-|-|01/01/0001|0|0|1|
20130200|0102000418|10/02/2013|22/02/2013|14|0004|0|0846271932|0|6|20100017491|TELEFONICA DEL PERU S.A.A.|158.30|28.50|0.00|0.00|0.00|0.00|0.00|0.00|0.00|186.80|2.579|01/01/0001|00|-|-|-|01/01/0001|0|0|1|
20130200|0102000410|10/02/2013|22/02/2013|14|0004|0|0846271925|0|6|20100017491|TELEFONICA DEL PERU S.A.A.|440.89|79.36|0.00|0.00|0.00|0.00|0.00|0.00|0.00|520.25|2.579|01/01/0001|00|-|-|-|01/01/0001|0|0|1|
20130200|0102000411|10/02/2013|22/02/2013|14|0004|0|0846271926|0|6|20100017491|TELEFONICA DEL PERU S.A.A.|112.96|20.34|0.00|0.00|0.00|0.00|0.00|0.00|0.00|133.30|2.579|01/01/0001|00|-|-|-|01/01/0001|0|0|1|
20130200|0102000412|10/02/2013|22/02/2013|14|0004|0|0846271927|0|6|20100017491|TELEFONICA DEL PERU S.A.A.|91.94|16.56|0.00|0.00|0.00|0.00|0.00|0.00|0.00|108.50|2.579|01/01/0001|00|-|-|-|01/01/0001|0|0|1|
20130200|0102000413|10/02/2013|22/02/2013|14|0004|0|0846271928|0|6|20100017491|TELEFONICA DEL PERU S.A.A.|91.94|16.56|0.00|0.00|0.00|0.00|0.00|0.00|0.00|108.50|2.579|01/01/0001|00|-|-|-|01/01/0001|0|0|1|
20130200|0102000414|10/02/2013|22/02/2013|14|0004|0|0846271929|0|6|20100017491|TELEFONICA DEL PERU S.A.A.|91.94|16.56|0.00|0.00|0.00|0.00|0.00|0.00|0.00|108.50|2.579|01/01/0001|00|-|-|-|01/01/0001|0|0|1|
20130200|0102000415|10/02/2013|22/02/2013|14|0004|0|0846271930|0|6|20100017491|TELEFONICA DEL PERU S.A.A.|117.11|21.09|0.00|0.00|0.00|0.00|0.00|0.00|0.00|138.20|2.579|01/01/0001|00|-|-|-|01/01/0001|0|0|1|
20130200|0102000416|10/02/2013|22/02/2013|14|0004|0|0846271931|0|6|20100017491|TELEFONICA DEL PERU S.A.A.|96.18|17.32|0.00|0.00|0.00|0.00|0.00|0.00|0.00|113.50|2.579|01/01/0001|00|-|-|-|01/01/0001|0|0|1|
20130200|0102000409|10/02/2013|22/02/2013|14|0004|0|0846271924|0|6|20100017491|TELEFONICA DEL PERU S.A.A.|70.97|12.78|0.00|0.00|0.00|0.00|0.00|0.00|0.00|83.75|2.579|01/01/0001|00|-|-|-|01/01/0001|0|0|1|
20130200|0102000147|10/02/2013||12|0001|0|0000013577|0|6|20100123330|DELOSI S.A.|12.82|2.31|0.00|0.00|0.00|0.00|0.77|0.00|0.00|15.90|2.579|01/01/0001|00|-|-|-|01/01/0001|0|0|1|
20130200|0102000148|10/02/2013||12|0001|0|0000013587|0|6|20100123330|DELOSI S.A.|5.56|1.00|0.00|0.00|0.00|0.00|0.34|0.00|0.00|6.90|2.579|01/01/0001|00|-|-|-|01/01/0001|0|0|1|
20130200|0102000149|10/02/2013||12|0004|0|0000005834|0|6|20100123330|DELOSI S.A.|34.27|6.17|0.00|0.00|0.00|0.00|2.06|0.00|0.00|42.50|2.579|01/01/0001|00|-|-|-|01/01/0001|0|0|1|
20130200|0102000072|10/02/2013||01|0001|0|0000017925|0|6|20514330761|BOTICA IGFARMA SAC|153.46|27.62|0.00|0.00|0.00|0.00|0.00|0.00|0.00|181.08|2.579|01/01/0001|00|-|-|-|01/01/0001|0|0|1|
20130200|0102000379|10/02/2013||01|0001|0|0000017920|0|6|20514330761|BOTICA IGFARMA SAC|525.71|94.63|0.00|0.00|0.00|0.00|0.00|0.00|0.00|620.34|2.579|01/01/0001|00|-|-|-|01/01/0001|0|0|1|
20130200|0102000136|10/02/2013||01|0421|0|0000042358|0|6|20338570041|PRAXAIR PERU S.R.L.|152.46|27.44|0.00|0.00|0.00|0.00|0.00|0.00|0.00|179.90|2.579|01/01/0001|00|-|-|-|01/01/0001|0|0|1|
20130200|0102000068|10/02/2013||01|0001|0|0000017921|0|6|20514330761|BOTICA IGFARMA SAC|324.55|58.42|0.00|0.00|0.00|0.00|0.00|0.00|0.00|382.97|2.579|01/01/0001|00|-|-|-|01/01/0001|0|0|1|
20130200|0102000071|10/02/2013||01|0001|0|0000017924|0|6|20514330761|BOTICA IGFARMA SAC|46.56|8.38|0.00|0.00|0.00|0.00|0.00|0.00|0.00|54.94|2.579|01/01/0001|00|-|-|-|01/01/0001|0|0|1|
20130200|0102000069|10/02/2013||01|0001|0|0000017922|0|6|20514330761|BOTICA IGFARMA SAC|529.62|95.33|0.00|0.00|0.00|0.00|0.00|0.00|0.00|624.95|0.000|01/01/0001|00|-|-|-|01/01/0001|0|0|1|
20130200|0102000070|10/02/2013||01|0001|0|0000017923|0|6|20514330761|BOTICA IGFARMA SAC|204.34|36.78|0.00|0.00|0.00|0.00|0.00|0.00|0.00|241.12|0.000|01/01/0001|00|-|-|-|01/01/0001|0|0|1|
20130200|0102000073|10/02/2013||01|0001|0|0000017926|0|6|20514330761|BOTICA IGFARMA SAC|1214.66|218.64|0.00|0.00|0.00|0.00|0.00|0.00|0.00|1433.30|0.000|01/01/0001|00|-|-|-|01/01/0001|0|0|1|
20130200|0102000074|10/02/2013||01|0001|0|0000017927|0|6|20514330761|BOTICA IGFARMA SAC|386.36|69.54|0.00|0.00|0.00|0.00|0.00|0.00|0.00|455.90|0.000|01/01/0001|00|-|-|-|01/01/0001|0|0|1|
20130200|0102000075|10/02/2013||01|0001|0|0000017928|0|6|20514330761|BOTICA IGFARMA SAC|492.81|88.70|0.00|0.00|0.00|0.00|0.00|0.00|0.00|581.51|0.000|01/01/0001|00|-|-|-|01/01/0001|0|0|1|
20130200|0102000076|10/02/2013||01|0001|0|0000017929|0|6|20514330761|BOTICA IGFARMA SAC|17.61|3.17|0.00|0.00|0.00|0.00|0.00|0.00|0.00|20.78|0.000|01/01/0001|00|-|-|-|01/01/0001|0|0|1|
20130200|0102000081|11/02/2013||01|0001|0|0000017934|0|6|20514330761|BOTICA IGFARMA SAC|666.70|120.01|0.00|0.00|0.00|0.00|0.00|0.00|0.00|786.71|2.579|01/01/0001|00|-|-|-|01/01/0001|0|0|1|
20130200|0102000082|11/02/2013||01|0001|0|0000017935|0|6|20514330761|BOTICA IGFARMA SAC|455.04|81.91|0.00|0.00|0.00|0.00|0.00|0.00|0.00|536.95|2.579|01/01/0001|00|-|-|-|01/01/0001|0|0|1|
20130200|0102000078|11/02/2013||01|0001|0|0000017931|0|6|20514330761|BOTICA IGFARMA SAC|479.81|86.37|0.00|0.00|0.00|0.00|0.00|0.00|0.00|566.18|2.579|01/01/0001|00|-|-|-|01/01/0001|0|0|1|
20130200|0102000083|11/02/2013||01|0001|0|0000017936|0|6|20514330761|BOTICA IGFARMA SAC|404.92|72.89|0.00|0.00|0.00|0.00|0.00|0.00|0.00|477.81|2.579|01/01/0001|00|-|-|-|01/01/0001|0|0|1|
20130200|0102000059|11/02/2013||01|0001|0|0000006828|0|6|20468246954|INGENIERIA DE CONTROL DIGITAL S.A.|305.08|54.92|0.00|0.00|0.00|0.00|0.00|0.00|0.00|360.00|2.579|01/01/0001|00|-|-|-|01/01/0001|0|0|1|
20130200|0102000380|11/02/2013||01|0001|0|0000017937|0|6|20514330761|BOTICA IGFARMA SAC|360.46|64.88|0.00|0.00|0.00|0.00|0.00|0.00|0.00|425.34|2.579|01/01/0001|00|-|-|-|01/01/0001|0|0|1|
20130200|0102000138|11/02/2013||01|0436|0|0000015747|0|6|20338570041|PRAXAIR PERU S.R.L.|152.46|27.44|0.00|0.00|0.00|0.00|0.00|0.00|0.00|179.90|2.579|01/01/0001|00|-|-|-|01/01/0001|0|0|1|
20130200|0102000056|11/02/2013||01|0001|0|0000000365|0|6|20518223403|JMAK S.A.C.|364.41|65.59|0.00|0.00|0.00|0.00|0.00|0.00|0.00|430.00|2.579|01/01/0001|00|-|-|-|01/01/0001|0|0|1|
20130200|0102000215|11/02/2013||01|0001|0|0000009822|0|6|20339177164|FABRICA NACIONAL ARTICULOS MEDICOS SAC|1600.00|288.00|0.00|0.00|0.00|0.00|0.00|0.00|0.00|1888.00|2.579|01/01/0001|00|-|-|-|26/02/2013|0134239476|0|1|
20130200|0102000096|11/02/2013||01|0001|0|0000001214|0|6|10077996406|ROUILLON GALLESE MARIA ELENA|914.83|164.67|0.00|0.00|0.00|0.00|0.00|0.00|0.00|1079.50|2.579|01/01/0001|00|-|-|-|13/02/2013|0131635377|0|1|
20130200|0102000097|11/02/2013||01|0001|0|0000001215|0|6|10077996406|ROUILLON GALLESE MARIA ELENA|148.73|26.77|0.00|0.00|0.00|0.00|0.00|0.00|0.00|175.50|2.579|01/01/0001|00|-|-|-|13/02/2013|0131635377|0|1|
20130200|0102000185|11/02/2013||01|0005|0|0000058930|0|6|20147720492|LABORATORIOS ROE S.A|78.81|14.19|0.00|0.00|0.00|0.00|0.00|0.00|0.00|93.00|2.579|01/01/0001|00|-|-|-|01/01/0001|0|0|1|
20130200|0102000187|11/02/2013||01|0005|0|0000058932|0|6|20147720492|LABORATORIOS ROE S.A|442.37|79.63|0.00|0.00|0.00|0.00|0.00|0.00|0.00|522.00|2.579|01/01/0001|00|-|-|-|01/01/0001|0|0|1|
20130200|0102000188|11/02/2013||01|0005|0|0000058937|0|6|20147720492|LABORATORIOS ROE S.A|132.20|23.80|0.00|0.00|0.00|0.00|0.00|0.00|0.00|156.00|2.579|01/01/0001|00|-|-|-|01/01/0001|0|0|1|
20130200|0102000189|11/02/2013||01|0005|0|0000058938|0|6|20147720492|LABORATORIOS ROE S.A|33.90|6.10|0.00|0.00|0.00|0.00|0.00|0.00|0.00|40.00|2.579|01/01/0001|00|-|-|-|01/01/0001|0|0|1|
20130200|0102000118|11/02/2013||01|0001|0|0000000131|0|6|10087941782|GALVEZ ALIAGA DE TOSO SARA ROSA|1890.00|340.20|0.00|0.00|0.00|0.00|0.00|0.00|0.00|2230.20|2.579|01/01/0001|00|-|-|-|14/02/2013|0132325554|0|1|
20130200|0102000121|11/02/2013||01|0001|0|0000000045|0|6|20392911007|C & E DAMASO MULTISERVICIOS EIRL|600.00|108.00|0.00|0.00|0.00|0.00|0.00|0.00|0.00|708.00|2.579|01/01/0001|00|-|-|-|26/02/2013|0131899981|0|1|
20130200|0102000058|11/02/2013||01|0001|0|0000002575|0|6|20524743451|DICON SERVICE S.A.C.|453.81|81.69|0.00|0.00|0.00|0.00|0.00|0.00|0.00|535.50|2.579|01/01/0001|00|-|-|-|01/01/0001|0|0|1|
20130200|0102000077|11/02/2013||01|0001|0|0000017930|0|6|20514330761|BOTICA IGFARMA SAC|119.14|21.45|0.00|0.00|0.00|0.00|0.00|0.00|0.00|140.59|0.000|01/01/0001|00|-|-|-|01/01/0001|0|0|1|
20130200|0102000079|11/02/2013||01|0001|0|0000017932|0|6|20514330761|BOTICA IGFARMA SAC|287.19|51.70|0.00|0.00|0.00|0.00|0.00|0.00|0.00|338.89|0.000|01/01/0001|00|-|-|-|01/01/0001|0|0|1|
20130200|0102000080|11/02/2013||01|0001|0|0000017933|0|6|20514330761|BOTICA IGFARMA SAC|362.04|65.17|0.00|0.00|0.00|0.00|0.00|0.00|0.00|427.21|0.000|01/01/0001|00|-|-|-|01/01/0001|0|0|1|
20130200|0102000105|12/02/2013||01|0001|0|0000017946|0|6|20514330761|BOTICA IGFARMA SAC|1078.17|194.07|0.00|0.00|0.00|0.00|0.00|0.00|0.00|1272.24|2.579|01/01/0001|00|-|-|-|01/01/0001|0|0|1|
20130200|0102000098|12/02/2013||01|0001|0|0000017939|0|6|20514330761|BOTICA IGFARMA SAC|370.35|66.66|0.00|0.00|0.00|0.00|0.00|0.00|0.00|437.01|2.579|01/01/0001|00|-|-|-|01/01/0001|0|0|1|
20130200|0102000084|12/02/2013||01|0001|0|0000004943|0|6|20502538722|IMPLEMENTOS Y REACTIVOS E.I.R.L.|239.20|43.06|0.00|0.00|0.00|0.00|0.00|0.00|0.00|282.26|2.579|01/01/0001|00|-|-|-|01/01/0001|0|0|1|
20130200|0102000257|12/02/2013||12|0005|0|0000000032|0|6|20100070970|SUPERMERCADOS PERUANOS S.A.|34.28|6.17|0.00|0.00|0.00|0.00|0.00|0.00|0.00|40.45|2.579|01/01/0001|00|-|-|-|01/01/0001|0|0|1|
20130200|0102000086|12/02/2013||12|0005|0|0000000031|0|6|20100070970|SUPERMERCADOS PERUANOS S.A.|179.19|32.26|0.00|0.00|0.00|0.00|0.00|0.00|0.00|211.45|2.579|01/01/0001|00|-|-|-|01/01/0001|0|0|1|
20130200|0102000139|12/02/2013||01|0436|0|0000015755|0|6|20338570041|PRAXAIR PERU S.R.L.|203.80|36.68|0.00|0.00|0.00|0.00|0.00|0.00|0.00|240.48|2.579|01/01/0001|00|-|-|-|01/01/0001|0|0|1|
20130200|0102000200|12/02/2013||01|0005|0|0000058947|0|6|20147720492|LABORATORIOS ROE S.A|64.41|11.59|0.00|0.00|0.00|0.00|0.00|0.00|0.00|76.00|2.579|01/01/0001|00|-|-|-|01/01/0001|0|0|1|
20130200|0102000201|12/02/2013||01|0005|0|0000058948|0|6|20147720492|LABORATORIOS ROE S.A|64.41|11.59|0.00|0.00|0.00|0.00|0.00|0.00|0.00|76.00|2.579|01/01/0001|00|-|-|-|01/01/0001|0|0|1|
20130200|0102000202|12/02/2013||01|0005|0|0000058949|0|6|20147720492|LABORATORIOS ROE S.A|64.41|11.59|0.00|0.00|0.00|0.00|0.00|0.00|0.00|76.00|2.579|01/01/0001|00|-|-|-|01/01/0001|0|0|1|
20130200|0102000196|12/02/2013||01|0005|0|0000058944|0|6|20147720492|LABORATORIOS ROE S.A|64.41|11.59|0.00|0.00|0.00|0.00|0.00|0.00|0.00|76.00|2.579|01/01/0001|00|-|-|-|01/01/0001|0|0|1|
20130200|0102000197|12/02/2013||01|0005|0|0000058945|0|6|20147720492|LABORATORIOS ROE S.A|64.41|11.59|0.00|0.00|0.00|0.00|0.00|0.00|0.00|76.00|2.579|01/01/0001|00|-|-|-|01/01/0001|0|0|1|
20130200|0102000190|12/02/2013||01|0005|0|0000058939|0|6|20147720492|LABORATORIOS ROE S.A|64.41|11.59|0.00|0.00|0.00|0.00|0.00|0.00|0.00|76.00|2.579|01/01/0001|00|-|-|-|01/01/0001|0|0|1|
20130200|0102000191|12/02/2013||01|0005|0|0000058940|0|6|20147720492|LABORATORIOS ROE S.A|64.41|11.59|0.00|0.00|0.00|0.00|0.00|0.00|0.00|76.00|2.579|01/01/0001|00|-|-|-|01/01/0001|0|0|1|
20130200|0102000192|12/02/2013||01|0005|0|0000058941|0|6|20147720492|LABORATORIOS ROE S.A|64.41|11.59|0.00|0.00|0.00|0.00|0.00|0.00|0.00|76.00|2.579|01/01/0001|00|-|-|-|01/01/0001|0|0|1|
20130200|0102000193|12/02/2013||01|0005|0|0000058942|0|6|20147720492|LABORATORIOS ROE S.A|64.41|11.59|0.00|0.00|0.00|0.00|0.00|0.00|0.00|76.00|2.579|01/01/0001|00|-|-|-|01/01/0001|0|0|1|
20130200|0102000195|12/02/2013||01|0005|0|0000058943|0|6|20147720492|LABORATORIOS ROE S.A|64.41|11.59|0.00|0.00|0.00|0.00|0.00|0.00|0.00|76.00|2.579|01/01/0001|00|-|-|-|01/01/0001|0|0|1|
20130200|0102000198|12/02/2013||01|0005|0|0000058946|0|6|20147720492|LABORATORIOS ROE S.A|64.41|11.59|0.00|0.00|0.00|0.00|0.00|0.00|0.00|76.00|2.579|01/01/0001|00|-|-|-|01/01/0001|0|0|1|
20130200|0102000203|12/02/2013||01|0005|0|0000058950|0|6|20147720492|LABORATORIOS ROE S.A|64.41|11.59|0.00|0.00|0.00|0.00|0.00|0.00|0.00|76.00|2.579|01/01/0001|00|-|-|-|01/01/0001|0|0|1|
20130200|0102000204|12/02/2013||01|0005|0|0000058951|0|6|20147720492|LABORATORIOS ROE S.A|64.41|11.59|0.00|0.00|0.00|0.00|0.00|0.00|0.00|76.00|2.579|01/01/0001|00|-|-|-|01/01/0001|0|0|1|
20130200|0102000205|12/02/2013||01|0005|0|0000058952|0|6|20147720492|LABORATORIOS ROE S.A|64.41|11.59|0.00|0.00|0.00|0.00|0.00|0.00|0.00|76.00|2.579|01/01/0001|00|-|-|-|01/01/0001|0|0|1|
20130200|0102000208|12/02/2013||01|0005|0|0000058961|0|6|20147720492|LABORATORIOS ROE S.A|78.81|14.19|0.00|0.00|0.00|0.00|0.00|0.00|0.00|93.00|2.579|01/01/0001|00|-|-|-|01/01/0001|0|0|1|
20130200|0102000206|12/02/2013||01|0005|0|0000058953|0|6|20147720492|LABORATORIOS ROE S.A|64.41|11.59|0.00|0.00|0.00|0.00|0.00|0.00|0.00|76.00|2.579|01/01/0001|00|-|-|-|01/01/0001|0|0|1|
20130200|0102000207|12/02/2013||01|0005|0|0000058954|0|6|20147720492|LABORATORIOS ROE S.A|64.41|11.59|0.00|0.00|0.00|0.00|0.00|0.00|0.00|76.00|2.579|01/01/0001|00|-|-|-|01/01/0001|0|0|1|
20130200|0102000099|12/02/2013||01|0001|0|0000017940|0|6|20514330761|BOTICA IGFARMA SAC|57.43|10.34|0.00|0.00|0.00|0.00|0.00|0.00|0.00|67.77|0.000|01/01/0001|00|-|-|-|01/01/0001|0|0|1|
20130200|0102000100|12/02/2013||01|0001|0|0000017941|0|6|20514330761|BOTICA IGFARMA SAC|389.64|70.13|0.00|0.00|0.00|0.00|0.00|0.00|0.00|459.77|0.000|01/01/0001|00|-|-|-|01/01/0001|0|0|1|
20130200|0102000101|12/02/2013||01|0001|0|0000017942|0|6|20514330761|BOTICA IGFARMA SAC|61.42|11.05|0.00|0.00|0.00|0.00|0.00|0.00|0.00|72.47|0.000|01/01/0001|00|-|-|-|01/01/0001|0|0|1|
20130200|0102000103|12/02/2013||01|0001|0|0000017944|0|6|20514330761|BOTICA IGFARMA SAC|124.11|22.34|0.00|0.00|0.00|0.00|0.00|0.00|0.00|146.45|0.000|01/01/0001|00|-|-|-|01/01/0001|0|0|1|
20130200|0102000106|12/02/2013||01|0001|0|0000017947|0|6|20514330761|BOTICA IGFARMA SAC|84.58|15.22|0.00|0.00|0.00|0.00|0.00|0.00|0.00|99.80|0.000|01/01/0001|00|-|-|-|01/01/0001|0|0|1|
20130200|0102000112|13/02/2013||01|0001|0|0000017949|0|6|20514330761|BOTICA IGFARMA SAC|216.96|39.05|0.00|0.00|0.00|0.00|0.00|0.00|0.00|256.01|2.579|01/01/0001|00|-|-|-|01/01/0001|0|0|1|
20130200|0102000114|13/02/2013||01|0001|0|0000017951|0|6|20514330761|BOTICA IGFARMA SAC|114.79|20.66|0.00|0.00|0.00|0.00|0.00|0.00|0.00|135.45|2.579|01/01/0001|00|-|-|-|01/01/0001|0|0|1|
20130200|0102000140|13/02/2013||01|0015|0|0000269670|0|6|20431115825|PACIFICO S.A. ENT. PRESTADORA DE SALUD|610.90|109.96|0.00|0.00|0.00|0.00|0.00|0.00|0.00|720.86|2.579|01/01/0001|00|-|-|-|01/01/0001|0|0|1|
20130200|0102000223|13/02/2013||01|0436|0|0000015768|0|6|20338570041|PRAXAIR PERU S.R.L.|111.80|20.12|0.00|0.00|0.00|0.00|0.00|0.00|0.00|131.92|2.579|01/01/0001|00|-|-|-|01/01/0001|0|0|1|
20130200|0102000224|13/02/2013||01|0436|0|0000015767|0|6|20338570041|PRAXAIR PERU S.R.L.|480.57|86.50|0.00|0.00|0.00|0.00|0.00|0.00|0.00|567.07|2.579|01/01/0001|00|-|-|-|01/01/0001|0|0|1|
20130200|0102000216|13/02/2013||01|0002|0|0000517647|0|6|20107254375|FERRETERIA PIEMONTESA S.R.LTDA.|17.15|3.09|0.00|0.00|0.00|0.00|0.00|0.00|0.00|20.24|2.579|01/01/0001|00|-|-|-|01/01/0001|0|0|1|
20130200|0102000217|13/02/2013||01|0002|0|0000517664|0|6|20107254375|FERRETERIA PIEMONTESA S.R.LTDA.|61.08|11.00|0.00|0.00|0.00|0.00|0.00|0.00|0.00|72.08|2.579|01/01/0001|00|-|-|-|01/01/0001|0|0|1|
20130200|0102000267|13/02/2013||50|235|2013|0000047002|0|6|20131312955|ADUANAS|0.00|928.44|0.00|0.00|0.00|0.00|0.00|0.00|0.00|928.44|2.579|01/01/0001|00|-|-|-|01/01/0001|0|0|1|
20130200|0102000209|13/02/2013||01|0005|0|0000058979|0|6|20147720492|LABORATORIOS ROE S.A|116.95|21.05|0.00|0.00|0.00|0.00|0.00|0.00|0.00|138.00|2.579|01/01/0001|00|-|-|-|01/01/0001|0|0|1|
20130200|0102000218|13/02/2013||01|0001|0|0000023138|0|6|10073022466|KAUSS VALDIVIA JULIO CESAR|228.81|41.19|0.00|0.00|0.00|0.00|0.00|0.00|0.00|270.00|2.579|01/01/0001|00|-|-|-|01/01/0001|0|0|1|
20130200|0102000134|13/02/2013||01|0001|0|0000005699|0|6|20543007430|ANRIC MEDIC INTERNACIONAL DRUGSTORE E.I.R.L.|376.96|67.85|0.00|0.00|0.00|0.00|0.00|0.00|0.00|444.81|2.579|01/01/0001|00|-|-|-|01/01/0001|0|0|1|
20130200|0102000219|13/02/2013||01|0001|0|0000001713|0|6|20549312391|REPRESENTACIONES FERRETERA JORMISA E.I.R.L.|88.98|16.02|0.00|0.00|0.00|0.00|0.00|0.00|0.00|105.00|2.579|01/01/0001|00|-|-|-|01/01/0001|0|0|1|
20130200|0102000054|13/02/2013||01|0001|0|0000015269|0|6|20208106709|INSTITUTO DE GINECOLOGIA DR ALICIA GARCI E.I.R.LTDA.|1411.70|254.11|0.00|0.00|0.00|0.00|0.00|0.00|0.00|1665.81|2.579|01/01/0001|00|-|-|-|13/02/2013|0131899443|0|1|
20130200|0102000113|13/02/2013||01|0001|0|0000017950|0|6|20514330761|BOTICA IGFARMA SAC|4.08|0.73|0.00|0.00|0.00|0.00|0.00|0.00|0.00|4.81|0.000|01/01/0001|00|-|-|-|01/01/0001|0|0|1|
20130200|0102000115|13/02/2013||01|0001|0|0000017952|0|6|20514330761|BOTICA IGFARMA SAC|164.36|29.59|0.00|0.00|0.00|0.00|0.00|0.00|0.00|193.95|0.000|01/01/0001|00|-|-|-|01/01/0001|0|0|1|
20130200|0102000116|13/02/2013||01|0001|0|0000017953|0|6|20514330761|BOTICA IGFARMA SAC|179.83|32.37|0.00|0.00|0.00|0.00|0.00|0.00|0.00|212.20|0.000|01/01/0001|00|-|-|-|01/01/0001|0|0|1|
20130200|0102000117|13/02/2013||01|0001|0|0000017954|0|6|20514330761|BOTICA IGFARMA SAC|152.24|27.40|0.00|0.00|0.00|0.00|0.00|0.00|0.00|179.64|0.000|01/01/0001|00|-|-|-|01/01/0001|0|0|1|
20130200|0102000377|14/02/2013||01|0001|0|0000017956|0|6|20514330761|BOTICA IGFARMA SAC|386.80|69.62|0.00|0.00|0.00|0.00|0.00|0.00|0.00|456.42|2.572|01/01/0001|00|-|-|-|01/01/0001|0|0|1|
20130200|0102000150|14/02/2013||01|0001|0|0000017957|0|6|20514330761|BOTICA IGFARMA SAC|20.10|3.62|0.00|0.00|0.00|0.00|0.00|0.00|0.00|23.72|2.572|01/01/0001|00|-|-|-|01/01/0001|0|0|1|
20130200|0102000151|14/02/2013||01|0001|0|0000017959|0|6|20514330761|BOTICA IGFARMA SAC|251.76|45.32|0.00|0.00|0.00|0.00|0.00|0.00|0.00|297.08|2.572|01/01/0001|00|-|-|-|01/01/0001|0|0|1|
20130200|0102000220|14/02/2013||01|0001|0|0000000232|0|6|20549124985|EVOLGRAPH S.A.C.|52.54|9.46|0.00|0.00|0.00|0.00|0.00|0.00|0.00|62.00|2.572|01/01/0001|00|-|-|-|01/01/0001|0|0|1|
20130200|0102000381|14/02/2013||01|0001|0|0000174047|0|6|20100139848|ASCENSORES SCHINDLER DEL PERU S.A.|709.76|127.76|0.00|0.00|0.00|0.00|0.00|0.00|0.00|837.52|2.572|01/01/0001|00|-|-|-|06/03/2013|0134800802|0|1|
20130200|0102000210|14/02/2013||01|0005|0|0000058992|0|6|20147720492|LABORATORIOS ROE S.A|64.41|11.59|0.00|0.00|0.00|0.00|0.00|0.00|0.00|76.00|2.572|01/01/0001|00|-|-|-|01/01/0001|0|0|1|
20130200|0102000230|14/02/2013||12|0012|0|0000016469|0|6|20125684441|T-COPIA S.A.C.|43.90|7.90|0.00|0.00|0.00|0.00|0.00|0.00|0.00|51.80|2.572|01/01/0001|00|-|-|-|01/01/0001|0|0|1|
20130200|0102000268|14/02/2013||01|0026|0|0000016681|0|6|20110964928|SCHARFF INTERNATIONAL COURIER & CARGO S.A.|246.91|44.45|0.00|0.00|0.00|0.00|0.00|0.00|0.00|291.36|2.572|01/01/0001|00|-|-|-|01/01/0001|0|0|1|
20130200|0102000152|14/02/2013||01|0001|0|0000017960|0|6|20514330761|BOTICA IGFARMA SAC|1467.75|264.20|0.00|0.00|0.00|0.00|0.00|0.00|0.00|1731.95|0.000|01/01/0001|00|-|-|-|01/01/0001|0|0|1|
20130200|0102000153|14/02/2013||01|0001|0|0000017961|0|6|20514330761|BOTICA IGFARMA SAC|825.30|148.55|0.00|0.00|0.00|0.00|0.00|0.00|0.00|973.85|0.000|01/01/0001|00|-|-|-|01/01/0001|0|0|1|
20130200|0102000154|14/02/2013||01|0001|0|0000017962|0|6|20514330761|BOTICA IGFARMA SAC|876.51|157.77|0.00|0.00|0.00|0.00|0.00|0.00|0.00|1034.28|0.000|01/01/0001|00|-|-|-|01/01/0001|0|0|1|
20130200|0102000155|14/02/2013||01|0001|0|0000017963|0|6|20514330761|BOTICA IGFARMA SAC|820.08|147.62|0.00|0.00|0.00|0.00|0.00|0.00|0.00|967.70|0.000|01/01/0001|00|-|-|-|01/01/0001|0|0|1|
20130200|0102000156|14/02/2013||01|0001|0|0000017964|0|6|20514330761|BOTICA IGFARMA SAC|1097.29|197.51|0.00|0.00|0.00|0.00|0.00|0.00|0.00|1294.80|0.000|01/01/0001|00|-|-|-|01/01/0001|0|0|1|
20130200|0102000157|14/02/2013||01|0001|0|0000017965|0|6|20514330761|BOTICA IGFARMA SAC|1339.53|241.12|0.00|0.00|0.00|0.00|0.00|0.00|0.00|1580.65|0.000|01/01/0001|00|-|-|-|01/01/0001|0|0|1|
20130200|0102000158|14/02/2013||01|0001|0|0000017966|0|6|20514330761|BOTICA IGFARMA SAC|1088.50|195.93|0.00|0.00|0.00|0.00|0.00|0.00|0.00|1284.43|0.000|01/01/0001|00|-|-|-|01/01/0001|0|0|1|
20130200|0102000159|14/02/2013||01|0001|0|0000017967|0|6|20514330761|BOTICA IGFARMA SAC|453.06|81.55|0.00|0.00|0.00|0.00|0.00|0.00|0.00|534.61|0.000|01/01/0001|00|-|-|-|01/01/0001|0|0|1|
20130200|0102000161|15/02/2013||01|0001|0|0000017973|0|6|20514330761|BOTICA IGFARMA SAC|140.10|25.22|0.00|0.00|0.00|0.00|0.00|0.00|0.00|165.32|2.567|01/01/0001|00|-|-|-|01/01/0001|0|0|1|
20130200|0102000222|15/02/2013||01|0001|0|0000009044|0|6|20520820133|PALACIO DE AGUA S.A.C.|54.24|9.76|0.00|0.00|0.00|0.00|0.00|0.00|0.00|64.00|2.567|01/01/0001|00|-|-|-|01/01/0001|0|0|1|
20130200|0102000160|15/02/2013||01|0001|0|0000000555|0|6|10101634197|CUENTAS ICHO YONG WILMER|779.66|140.34|0.00|0.00|0.00|0.00|0.00|0.00|0.00|920.00|2.567|01/01/0001|00|-|-|-|01/01/0001|0|0|1|
20130200|0102000225|15/02/2013||01|0436|0|0000015785|0|6|20338570041|PRAXAIR PERU S.R.L.|167.71|30.19|0.00|0.00|0.00|0.00|0.00|0.00|0.00|197.90|2.567|01/01/0001|00|-|-|-|01/01/0001|0|0|1|
20130200|0102000165|15/02/2013||01|0002|0|0000517795|0|6|20107254375|FERRETERIA PIEMONTESA S.R.LTDA.|35.15|6.33|0.00|0.00|0.00|0.00|0.00|0.00|0.00|41.48|2.567|01/01/0001|00|-|-|-|01/01/0001|0|0|1|
20130200|0102000264|15/02/2013||01|0002|0|0000517840|0|6|20107254375|FERRETERIA PIEMONTESA S.R.LTDA.|16.78|3.02|0.00|0.00|0.00|0.00|0.00|0.00|0.00|19.80|2.567|01/01/0001|00|-|-|-|01/01/0001|0|0|1|
20130200|0102000311|15/02/2013||01|0001|0|0000091873|0|6|20100901481|J&V RESGUARDOS S.A.C.|6077.54|1093.96|0.00|0.00|0.00|0.00|0.00|0.00|0.00|7171.50|2.567|01/01/0001|00|-|-|-|26/02/2013|0134239734|0|1|
20130200|0102000162|15/02/2013||01|0001|0|0000017974|0|6|20514330761|BOTICA IGFARMA SAC|229.02|41.22|0.00|0.00|0.00|0.00|0.00|0.00|0.00|270.24|2.567|01/01/0001|00|-|-|-|01/01/0001|0|0|1|
20130200|0102000163|15/02/2013||01|0001|0|0000017975|0|6|20514330761|BOTICA IGFARMA SAC|140.86|25.36|0.00|0.00|0.00|0.00|0.00|0.00|0.00|166.22|2.567|01/01/0001|00|-|-|-|01/01/0001|0|0|1|
20130200|0102000221|15/02/2013||01|0001|0|0000022481|0|6|10082663792|ROVEGNO OLIVA SANTIAGO EDUARDO|4.83|0.87|0.00|0.00|0.00|0.00|0.00|0.00|0.00|5.70|2.567|01/01/0001|00|-|-|-|01/01/0001|0|0|1|
20130200|0102000164|15/02/2013||01|0001|0|0000106781|0|6|20197705249|UNILENE S.A.C.|130.51|23.49|0.00|0.00|0.00|0.00|0.00|0.00|0.00|154.00|2.567|01/01/0001|00|-|-|-|01/01/0001|0|0|1|
20130200|0102000231|15/02/2013||12|0002|0|0000048755|0|6|20503840121|REPSOL COMERCIAL S.A.C.|84.75|15.25|0.00|0.00|0.00|0.00|0.00|0.00|0.00|100.00|2.567|01/01/0001|00|-|-|-|01/01/0001|0|0|1|
20130200|0102000270|15/02/2013||12|0001|0|0000008359|0|6|10078096352|OLIVER BROWN JAIME WILLIAM|127.12|22.88|0.00|0.00|0.00|0.00|0.00|0.00|0.00|150.00|2.567|01/01/0001|00|-|-|-|01/01/0001|0|0|1|
20130200|0102000260|15/02/2013||01|0001|0|0000001733|0|6|20549312391|REPRESENTACIONES FERRETERA JORMISA E.I.R.L.|262.71|47.29|0.00|0.00|0.00|0.00|0.00|0.00|0.00|310.00|2.567|01/01/0001|00|-|-|-|01/01/0001|0|0|1|
20130200|0102000261|16/02/2013||01|0001|0|0000001741|0|6|20549312391|REPRESENTACIONES FERRETERA JORMISA E.I.R.L.|166.10|29.90|0.00|0.00|0.00|0.00|0.00|0.00|0.00|196.00|2.570|01/01/0001|00|-|-|-|01/01/0001|0|0|1|
20130200|0102000227|16/02/2013||01|0001|0|0000000749|0|6|20547359799|LAVA SPEED S.A.C.|926.38|166.75|0.00|0.00|0.00|0.00|0.00|0.00|0.00|1093.13|2.570|01/01/0001|00|-|-|-|26/02/2013|0134239852|0|1|
20130200|0102000228|16/02/2013||01|0001|0|0000000750|0|6|20547359799|LAVA SPEED S.A.C.|115.80|20.84|0.00|0.00|0.00|0.00|0.00|0.00|0.00|136.64|2.570|01/01/0001|00|-|-|-|26/02/2013|0134239852|0|1|
20130200|0102000229|16/02/2013||01|0001|0|0000000751|0|6|20547359799|LAVA SPEED S.A.C.|470.00|84.60|0.00|0.00|0.00|0.00|0.00|0.00|0.00|554.60|2.570|01/01/0001|00|-|-|-|26/02/2013|0134239852|0|1|
20130200|0102000233|16/02/2013||12|0001|0|0000014268|0|6|20100123330|DELOSI S.A.|16.78|3.02|0.00|0.00|0.00|0.00|1.00|0.00|0.00|20.80|2.570|01/01/0001|00|-|-|-|01/01/0001|0|0|1|
20130200|0102000232|16/02/2013||12|0573|0|0001013629|0|6|20330033313|PERUANA DE ESTACIONES DE SERVICIOS S.A.C.|84.75|15.25|0.00|0.00|0.00|0.00|0.00|0.00|0.00|100.00|2.570|01/01/0001|00|-|-|-|01/01/0001|0|0|1|
20130200|0102000262|17/02/2013||01|0002|0|0000020166|0|6|20101163688|AROCA CIA. COMERCIAL S.R.LTDA.|388.73|69.97|0.00|0.00|0.00|0.00|0.00|0.00|0.00|458.70|2.570|01/01/0001|00|-|-|-|01/01/0001|0|0|1|
20130200|0102000234|17/02/2013||12|0001|0|0000014463|0|6|20100123330|DELOSI S.A.|19.20|3.46|0.00|0.00|0.00|0.00|1.14|0.00|0.00|23.80|2.570|01/01/0001|00|-|-|-|01/01/0001|0|0|1|
20130200|0102000226|17/02/2013||01|0421|0|0000042413|0|6|20338570041|PRAXAIR PERU S.R.L.|264.65|47.64|0.00|0.00|0.00|0.00|0.00|0.00|0.00|312.29|2.570|01/01/0001|00|-|-|-|01/01/0001|0|0|1|
20130200|0102000310|18/02/2013||01|0134|0|0000715882|0|6|20143229816|EMPRESA EDITORA EL COMERCIO S.A.|440.68|79.32|0.00|0.00|0.00|0.00|0.00|0.00|0.00|520.00|2.570|01/01/0001|00|-|-|-|01/01/0001|0|0|1|
20130200|0102000176|18/02/2013||01|0001|0|0000017990|0|6|20514330761|BOTICA IGFARMA SAC|134.36|24.19|0.00|0.00|0.00|0.00|0.00|0.00|0.00|158.55|2.570|01/01/0001|00|-|-|-|01/01/0001|0|0|1|
20130200|0102000177|18/02/2013||01|0001|0|0000017991|0|6|20514330761|BOTICA IGFARMA SAC|136.77|24.62|0.00|0.00|0.00|0.00|0.00|0.00|0.00|161.39|2.570|01/01/0001|00|-|-|-|01/01/0001|0|0|1|
20130200|0102000178|18/02/2013||01|0002|0|0000517948|0|6|20107254375|FERRETERIA PIEMONTESA S.R.LTDA.|88.58|15.94|0.00|0.00|0.00|0.00|0.00|0.00|0.00|104.52|2.570|01/01/0001|00|-|-|-|01/01/0001|0|0|1|
20130200|0102000243|18/02/2013||01|0001|0|0000020569|0|6|20372654385|SUAR SYS S.R. LTDA|198.75|35.78|0.00|0.00|0.00|0.00|0.00|0.00|0.00|234.53|2.570|01/01/0001|00|-|-|-|01/01/0001|0|0|1|
20130200|0102000239|18/02/2013||01|0004|0|0000180744|0|6|20100025168|FARMACIA UNIVERSAL S.A.C.|32.20|5.80|0.00|0.00|0.00|0.00|0.00|0.00|0.00|38.00|2.570|01/01/0001|00|-|-|-|01/01/0001|0|0|1|
20130200|0102000236|18/02/2013||01|0131|0|0000071859|0|6|20216528141|PROSEMEDIC S.A.|584.76|105.26|0.00|0.00|0.00|0.00|0.00|0.00|0.00|690.02|2.570|01/01/0001|00|-|-|-|01/01/0001|0|0|1|
20130200|0102000180|18/02/2013||01|0001|0|0000001218|0|6|10077996406|ROUILLON GALLESE MARIA ELENA|98.31|17.69|0.00|0.00|0.00|0.00|0.00|0.00|0.00|116.00|2.570|01/01/0001|00|-|-|-|19/02/2013|0133285949|0|1|
20130200|0102000179|18/02/2013||01|0001|0|0000001217|0|6|10077996406|ROUILLON GALLESE MARIA ELENA|600.85|108.15|0.00|0.00|0.00|0.00|0.00|0.00|0.00|709.00|2.570|01/01/0001|00|-|-|-|19/02/2013|0133285949|0|1|
20130200|0102000171|18/02/2013||01|0001|0|0000017985|0|6|20514330761|BOTICA IGFARMA SAC|1407.53|253.35|0.00|0.00|0.00|0.00|0.00|0.00|0.00|1660.88|2.570|01/01/0001|00|-|-|-|01/01/0001|0|0|1|
20130200|0102000166|18/02/2013||01|0001|0|0000017980|0|6|20514330761|BOTICA IGFARMA SAC|465.82|83.85|0.00|0.00|0.00|0.00|0.00|0.00|0.00|549.67|2.570|01/01/0001|00|-|-|-|01/01/0001|0|0|1|
20130200|0102000241|18/02/2013||01|0001|0|0000002600|0|6|10093587851|LUIS ALBERTO MARDINI FLORES|271.19|48.81|0.00|0.00|0.00|0.00|0.00|0.00|0.00|320.00|2.570|01/01/0001|00|-|-|-|01/01/0001|0|0|1|
20130200|0102000263|18/02/2013||01|0001|0|0000000661|0|6|10404113165|HERNANDEZ FLORES JANET KARINA|68.64|12.36|0.00|0.00|0.00|0.00|0.00|0.00|0.00|81.00|2.570|01/01/0001|00|-|-|-|01/01/0001|0|0|1|
20130200|0102000356|18/02/2013||01|0001|0|0000000133|0|6|10087941782|GALVEZ ALIAGA DE TOSO SARA ROSA|1890.00|340.20|0.00|0.00|0.00|0.00|0.00|0.00|0.00|2230.20|2.570|01/01/0001|00|-|-|-|01/03/2013|0134515358|0|1|
20130200|0102000312|18/02/2013||01|0005|0|0000059023|0|6|20147720492|LABORATORIOS ROE S.A|78.81|14.19|0.00|0.00|0.00|0.00|0.00|0.00|0.00|93.00|2.570|01/01/0001|00|-|-|-|01/01/0001|0|0|1|
20130200|0102000167|18/02/2013||01|0001|0|0000017981|0|6|20514330761|BOTICA IGFARMA SAC|301.58|54.29|0.00|0.00|0.00|0.00|0.00|0.00|0.00|355.87|0.000|01/01/0001|00|-|-|-|01/01/0001|0|0|1|
20130200|0102000168|18/02/2013||01|0001|0|0000017982|0|6|20514330761|BOTICA IGFARMA SAC|68.14|12.26|0.00|0.00|0.00|0.00|0.00|0.00|0.00|80.40|0.000|01/01/0001|00|-|-|-|01/01/0001|0|0|1|
20130200|0102000169|18/02/2013||01|0001|0|0000017983|0|6|20514330761|BOTICA IGFARMA SAC|616.26|110.93|0.00|0.00|0.00|0.00|0.00|0.00|0.00|727.19|0.000|01/01/0001|00|-|-|-|01/01/0001|0|0|1|
20130200|0102000170|18/02/2013||01|0001|0|0000017984|0|6|20514330761|BOTICA IGFARMA SAC|281.05|50.59|0.00|0.00|0.00|0.00|0.00|0.00|0.00|331.64|0.000|01/01/0001|00|-|-|-|01/01/0001|0|0|1|
20130200|0102000172|18/02/2013||01|0001|0|0000017986|0|6|20514330761|BOTICA IGFARMA SAC|1027.91|185.02|0.00|0.00|0.00|0.00|0.00|0.00|0.00|1212.93|0.000|01/01/0001|00|-|-|-|01/01/0001|0|0|1|
20130200|0102000173|18/02/2013||01|0001|0|0000017987|0|6|20514330761|BOTICA IGFARMA SAC|847.71|152.59|0.00|0.00|0.00|0.00|0.00|0.00|0.00|1000.30|0.000|01/01/0001|00|-|-|-|01/01/0001|0|0|1|
20130200|0102000174|18/02/2013||01|0001|0|0000017988|0|6|20514330761|BOTICA IGFARMA SAC|1227.42|220.94|0.00|0.00|0.00|0.00|0.00|0.00|0.00|1448.36|0.000|01/01/0001|00|-|-|-|01/01/0001|0|0|1|
20130200|0102000175|18/02/2013||01|0001|0|0000017989|0|6|20514330761|BOTICA IGFARMA SAC|56.09|10.10|0.00|0.00|0.00|0.00|0.00|0.00|0.00|66.19|0.000|01/01/0001|00|-|-|-|01/01/0001|0|0|1|
20130200|0102000240|19/02/2013||01|0001|0|0000017993|0|6|20514330761|BOTICA IGFARMA SAC|130.24|23.44|0.00|0.00|0.00|0.00|0.00|0.00|0.00|153.68|2.574|01/01/0001|00|-|-|-|01/01/0001|0|0|1|
20130200|0102000186|19/02/2013||12|0022|0|0000000075|0|6|20100106915|E. WONG S.A.|11.19|2.01|0.00|0.00|0.00|0.00|0.00|0.00|0.00|13.20|2.574|01/01/0001|00|-|-|-|01/01/0001|0|0|1|
20130200|0102000194|19/02/2013||12|0710|0|0000000075|0|6|20112273922|MAESTRO HOME CENTER S.A.|43.98|7.92|0.00|0.00|0.00|0.00|0.00|0.00|0.00|51.90|2.574|01/01/0001|00|-|-|-|01/01/0001|0|0|1|
20130200|0102000199|19/02/2013||12|0710|0|0000000074|0|6|20112273922|MAESTRO HOME CENTER S.A.|90.25|16.25|0.00|0.00|0.00|0.00|0.00|0.00|0.00|106.50|2.574|01/01/0001|00|-|-|-|01/01/0001|0|0|1|
20130200|0102000245|19/02/2013||01|0002|0|0000015369|0|6|20475289171|DISTRIBUIDORA HERMER S.A.C.|51.05|9.19|0.00|0.00|0.00|0.00|0.00|0.00|0.00|60.24|2.574|01/01/0001|00|-|-|-|01/01/0001|0|0|1|
20130200|0102000307|19/02/2013||01|0001|0|0000005609|0|6|20101824331|DE RIVERO PROTECTION E.I.R.L.|470.00|84.60|0.00|0.00|0.00|0.00|0.00|0.00|0.00|554.60|2.574|01/01/0001|00|-|-|-|01/01/0001|0|0|1|
20130200|0102000265|19/02/2013||01|0426|0|0000050553|0|6|20338570041|PRAXAIR PERU S.R.L.|55.90|10.06|0.00|0.00|0.00|0.00|0.00|0.00|0.00|65.96|2.574|01/01/0001|00|-|-|-|01/01/0001|0|0|1|
20130200|0102000331|19/02/2013||12|0002|0|0000299228|0|6|20100094569|ASESORIA COMERCIAL S.A.|16.95|3.05|0.00|0.00|0.00|0.00|0.00|0.00|0.00|20.00|2.574|01/01/0001|00|-|-|-|01/01/0001|0|0|1|
20130200|0102000235|19/02/2013||01|0002|0|0000000072|0|6|20101147569|ROVIAL S.R.L.|324.80|58.46|0.00|0.00|0.00|0.00|0.00|0.00|0.00|383.26|2.574|01/01/0001|00|-|-|-|01/01/0001|0|0|1|
20130200|0102000269|19/02/2013||01|0002|0|0000014195|0|6|20100410746|ESMES S.A. AGENTES AFIANZADOS DE ADUANAS|483.91|87.11|0.00|0.00|0.00|0.00|0.00|0.00|0.00|571.02|2.574|01/01/0001|00|-|-|-|01/01/0001|0|0|1|
20130200|0102000313|19/02/2013||01|0005|0|0000059031|0|6|20147720492|LABORATORIOS ROE S.A|102.54|18.46|0.00|0.00|0.00|0.00|0.00|0.00|0.00|121.00|2.574|01/01/0001|00|-|-|-|01/01/0001|0|0|1|
20130200|0102000238|19/02/2013||01|0001|0|0000001913|0|6|20506555982|LABORATORIO VALUP S.A.C.|207.63|37.37|0.00|0.00|0.00|0.00|0.00|0.00|0.00|245.00|2.574|01/01/0001|00|-|-|-|01/01/0001|0|0|1|
20130200|0102000258|20/02/2013||01|0023|0|0000022990|0|6|20267178331|NEXUS TECHNOLOGY SAC|495.47|89.18|0.00|0.00|0.00|0.00|0.00|0.00|0.00|584.62|2.583|01/01/0001|00|-|-|-|01/01/0001|0|0|1|
20130200|0102000389|20/02/2013||01|0005|0|0000059046|0|6|20147720492|LABORATORIOS ROE S.A|17.80|3.20|0.00|0.00|0.00|0.00|0.00|0.00|0.00|21.00|2.583|01/01/0001|00|-|-|-|01/01/0001|0|0|1|
20130200|0102000314|20/02/2013||01|0005|0|0000059047|0|6|20147720492|LABORATORIOS ROE S.A|146.61|26.39|0.00|0.00|0.00|0.00|0.00|0.00|0.00|173.00|2.583|01/01/0001|00|-|-|-|01/01/0001|0|0|1|
20130200|0102000315|20/02/2013||01|0436|0|0000015823|0|6|20338570041|PRAXAIR PERU S.R.L.|111.80|20.12|0.00|0.00|0.00|0.00|0.00|0.00|0.00|131.92|2.583|01/01/0001|00|-|-|-|01/01/0001|0|0|1|
20130200|0102000244|20/02/2013||01|0002|0|0000015396|0|6|20475289171|DISTRIBUIDORA HERMER S.A.C.|21.86|3.94|0.00|0.00|0.00|0.00|0.00|0.00|0.00|25.80|2.583|01/01/0001|00|-|-|-|01/01/0001|0|0|1|
20130200|0102000242|20/02/2013||01|0001|0|0000001427|0|6|20512208976|NET PEDIATRIKA E.I.R.L.|7202.95|1296.53|0.00|0.00|0.00|0.00|0.00|0.00|0.00|8499.48|2.583|01/01/0001|00|-|-|-|20/02/2013|0133558756|0|1|
20130200|0102000246|20/02/2013||01|0001|0|0000017998|0|6|20514330761|BOTICA IGFARMA SAC|441.14|79.41|0.00|0.00|0.00|0.00|0.00|0.00|0.00|520.55|2.583|01/01/0001|00|-|-|-|01/01/0001|0|0|1|
20130200|0102000250|20/02/2013||01|0001|0|0000018002|0|6|20514330761|BOTICA IGFARMA SAC|632.73|113.89|0.00|0.00|0.00|0.00|0.00|0.00|0.00|746.62|2.583|01/01/0001|00|-|-|-|01/01/0001|0|0|1|
20130200|0102000252|20/02/2013||01|0001|0|0000018004|0|6|20514330761|BOTICA IGFARMA SAC|350.53|63.09|0.00|0.00|0.00|0.00|0.00|0.00|0.00|413.62|2.583|01/01/0001|00|-|-|-|01/01/0001|0|0|1|
20130200|0102000247|20/02/2013||01|0001|0|0000017999|0|6|20514330761|BOTICA IGFARMA SAC|185.55|33.40|0.00|0.00|0.00|0.00|0.00|0.00|0.00|218.95|0.000|01/01/0001|00|-|-|-|01/01/0001|0|0|1|
20130200|0102000249|20/02/2013||01|0001|0|0000018001|0|6|20514330761|BOTICA IGFARMA SAC|114.69|20.64|0.00|0.00|0.00|0.00|0.00|0.00|0.00|135.33|0.000|01/01/0001|00|-|-|-|01/01/0001|0|0|1|
20130200|0102000251|20/02/2013||01|0001|0|0000018003|0|6|20514330761|BOTICA IGFARMA SAC|74.92|13.48|0.00|0.00|0.00|0.00|0.00|0.00|0.00|88.40|0.000|01/01/0001|00|-|-|-|01/01/0001|0|0|1|
20130200|0102000253|20/02/2013||01|0001|0|0000018005|0|6|20514330761|BOTICA IGFARMA SAC|47.56|8.56|0.00|0.00|0.00|0.00|0.00|0.00|0.00|56.12|0.000|01/01/0001|00|-|-|-|01/01/0001|0|0|1|
20130200|0102000254|20/02/2013||01|0001|0|0000018006|0|6|20514330761|BOTICA IGFARMA SAC|472.86|85.12|0.00|0.00|0.00|0.00|0.00|0.00|0.00|557.98|0.000|01/01/0001|00|-|-|-|01/01/0001|0|0|1|
20130200|0102000255|20/02/2013||01|0001|0|0000018007|0|6|20514330761|BOTICA IGFARMA SAC|491.91|88.54|0.00|0.00|0.00|0.00|0.00|0.00|0.00|580.45|0.000|01/01/0001|00|-|-|-|01/01/0001|0|0|1|
20130200|0102000256|20/02/2013||01|0001|0|0000018008|0|6|20514330761|BOTICA IGFARMA SAC|40.42|7.27|0.00|0.00|0.00|0.00|0.00|0.00|0.00|47.69|0.000|01/01/0001|00|-|-|-|01/01/0001|0|0|1|
20130200|0102000271|21/02/2013||01|0001|0|0000018011|0|6|20514330761|BOTICA IGFARMA SAC|115.69|20.83|0.00|0.00|0.00|0.00|0.00|0.00|0.00|136.52|2.583|01/01/0001|00|-|-|-|01/01/0001|0|0|1|
20130200|0102000375|21/02/2013||01|0001|0|0000018017|0|6|20514330761|BOTICA IGFARMA SAC|77.28|13.91|0.00|0.00|0.00|0.00|0.00|0.00|0.00|91.19|2.583|01/01/0001|00|-|-|-|01/01/0001|0|0|1|
20130200|0102000272|21/02/2013||01|0001|0|0000018012|0|6|20514330761|BOTICA IGFARMA SAC|550.92|99.17|0.00|0.00|0.00|0.00|0.00|0.00|0.00|650.09|2.583|01/01/0001|00|-|-|-|01/01/0001|0|0|1|
20130200|0102000275|21/02/2013||01|0001|0|0000018016|0|6|20514330761|BOTICA IGFARMA SAC|160.36|28.86|0.00|0.00|0.00|0.00|0.00|0.00|0.00|189.22|2.583|01/01/0001|00|-|-|-|01/01/0001|0|0|1|
20130200|0102000316|21/02/2013||01|0001|0|0000001348|0|6|10431954490|GOICOCHEA ZAVALA LUIS ALBERTO|55.08|9.92|0.00|0.00|0.00|0.00|0.00|0.00|0.00|65.00|2.583|01/01/0001|00|-|-|-|01/01/0001|0|0|1|
20130200|0102000317|21/02/2013||01|0890|0|0000060719|0|6|20256136865|SERVICIOS POSTALES DEL PERU S.A.|25.25|4.55|0.00|0.00|0.00|0.00|0.00|0.00|0.00|29.80|2.583|01/01/0001|00|-|-|-|01/01/0001|0|0|1|
20130200|0102000360|21/02/2013||01|0001|0|0000000652|0|6|20513767651|SOLUCIONES GENETICAS SAC|211.86|38.14|0.00|0.00|0.00|0.00|0.00|0.00|0.00|250.00|2.583|01/01/0001|00|-|-|-|01/01/0001|0|0|1|
20130200|0102000273|21/02/2013||01|0001|0|0000018013|0|6|20514330761|BOTICA IGFARMA SAC|293.17|52.77|0.00|0.00|0.00|0.00|0.00|0.00|0.00|345.94|0.000|01/01/0001|00|-|-|-|01/01/0001|0|0|1|
20130200|0102000274|21/02/2013||01|0001|0|0000018014|0|6|20514330761|BOTICA IGFARMA SAC|98.53|17.73|0.00|0.00|0.00|0.00|0.00|0.00|0.00|116.26|0.000|01/01/0001|00|-|-|-|01/01/0001|0|0|1|
20130200|0102000276|21/02/2013||01|0001|0|0000018018|0|6|20514330761|BOTICA IGFARMA SAC|237.03|42.66|0.00|0.00|0.00|0.00|0.00|0.00|0.00|279.69|0.000|01/01/0001|00|-|-|-|01/01/0001|0|0|1|
20130200|0102000277|21/02/2013||01|0001|0|0000018019|0|6|20514330761|BOTICA IGFARMA SAC|90.06|16.21|0.00|0.00|0.00|0.00|0.00|0.00|0.00|106.27|0.000|01/01/0001|00|-|-|-|01/01/0001|0|0|1|
20130200|0102000278|21/02/2013||01|0001|0|0000018020|0|6|20514330761|BOTICA IGFARMA SAC|137.97|24.84|0.00|0.00|0.00|0.00|0.00|0.00|0.00|162.81|0.000|01/01/0001|00|-|-|-|01/01/0001|0|0|1|
20130200|0102000279|21/02/2013||01|0001|0|0000018021|0|6|20514330761|BOTICA IGFARMA SAC|164.02|29.52|0.00|0.00|0.00|0.00|0.00|0.00|0.00|193.54|0.000|01/01/0001|00|-|-|-|01/01/0001|0|0|1|
20130200|0102000280|21/02/2013||01|0001|0|0000018022|0|6|20514330761|BOTICA IGFARMA SAC|116.99|21.06|0.00|0.00|0.00|0.00|0.00|0.00|0.00|138.05|0.000|01/01/0001|00|-|-|-|01/01/0001|0|0|1|
20130200|0102000281|21/02/2013||01|0001|0|0000018023|0|6|20514330761|BOTICA IGFARMA SAC|119.58|21.52|0.00|0.00|0.00|0.00|0.00|0.00|0.00|141.10|0.000|01/01/0001|00|-|-|-|01/01/0001|0|0|1|
20130200|0102000282|21/02/2013||01|0001|0|0000018024|0|6|20514330761|BOTICA IGFARMA SAC|125.03|22.50|0.00|0.00|0.00|0.00|0.00|0.00|0.00|147.53|0.000|01/01/0001|00|-|-|-|01/01/0001|0|0|1|
20130200|0102000291|22/02/2013||01|0001|0|0000018029|0|6|20514330761|BOTICA IGFARMA SAC|129.95|23.39|0.00|0.00|0.00|0.00|0.00|0.00|0.00|153.34|2.586|01/01/0001|00|-|-|-|01/01/0001|0|0|1|
20130200|0102000292|22/02/2013||01|0001|0|0000018030|0|6|20514330761|BOTICA IGFARMA SAC|129.18|23.25|0.00|0.00|0.00|0.00|0.00|0.00|0.00|152.43|2.586|01/01/0001|00|-|-|-|01/01/0001|0|0|1|
20130200|0102000289|22/02/2013||01|0001|0|0000018027|0|6|20514330761|BOTICA IGFARMA SAC|368.09|66.26|0.00|0.00|0.00|0.00|0.00|0.00|0.00|434.35|2.586|01/01/0001|00|-|-|-|01/01/0001|0|0|1|
20130200|0102000319|22/02/2013||01|0411|0|0000071309|0|6|20338570041|PRAXAIR PERU S.R.L.|111.80|20.12|0.00|0.00|0.00|0.00|0.00|0.00|0.00|131.92|2.586|01/01/0001|00|-|-|-|01/01/0001|0|0|1|
20130200|0102000320|22/02/2013||01|0082|0|0000167212|0|6|20100016681|IMPORTACIONES HIRAOKA S.A.|105.93|19.07|0.00|0.00|0.00|0.00|0.00|0.00|0.00|125.00|2.586|01/01/0001|00|-|-|-|01/01/0001|0|0|1|
20130200|0102000383|22/02/2013||01|0001|0|0000000778|0|6|20516305054|FERRETERIA MOYA E HIJOS S.A.C.|47.46|8.54|0.00|0.00|0.00|0.00|0.00|0.00|0.00|56.00|2.586|01/01/0001|00|-|-|-|01/01/0001|0|0|1|
20130200|0102000382|22/02/2013||01|0860|0|0000002624|0|6|20382072023|MESSER GASES DEL PERU S.A.|878.40|158.11|0.00|0.00|0.00|0.00|0.00|0.00|0.00|1036.51|2.586|01/01/0001|00|-|-|-|01/01/0001|0|0|1|
20130200|0102000390|22/02/2013||01|0005|0|0000059072|0|6|20147720492|LABORATORIOS ROE S.A|78.81|14.19|0.00|0.00|0.00|0.00|0.00|0.00|0.00|93.00|2.586|01/01/0001|00|-|-|-|01/01/0001|0|0|1|
20130200|0102000296|22/02/2013||01|0001|0|0000031198|0|6|20343466154|FERTI FARM S.A.C.|3450.66|621.12|0.00|0.00|0.00|0.00|0.00|0.00|0.00|4071.78|2.586|01/01/0001|00|-|-|-|01/01/0001|0|0|1|
20130200|0102000297|22/02/2013||01|0001|0|0000031199|0|6|20343466154|FERTI FARM S.A.C.|2797.26|503.51|0.00|0.00|0.00|0.00|0.00|0.00|0.00|3300.77|2.586|01/01/0001|00|-|-|-|01/01/0001|0|0|1|
20130200|0102000285|22/02/2013||01|0001|0|0000130275|0|6|10088407321|MORA HUAMANI MIRIAM MARLENE|16.27|2.93|0.00|0.00|0.00|0.00|0.00|0.00|0.00|19.20|2.586|01/01/0001|00|-|-|-|01/01/0001|0|0|1|
20130200|0102000318|22/02/2013||01|0003|0|0000000461|0|6|10070370269|SALOME LAZO ELEAZAR ALBINO|254.24|45.76|0.00|0.00|0.00|0.00|0.00|0.00|0.00|300.00|2.586|01/01/0001|00|-|-|-|01/01/0001|0|0|1|
20130200|0102000283|22/02/2013||01|0004|0|0000001230|0|6|20432708269|NEGOCIOS GRAFICOS ANTARES SRL|210.00|37.80|0.00|0.00|0.00|0.00|0.00|0.00|0.00|247.80|2.586|01/01/0001|00|-|-|-|01/01/0001|0|0|1|
20130200|0102000332|22/02/2013||12|0004|0|0000017986|0|6|20503840121|REPSOL COMERCIAL S.A.C.|42.37|7.63|0.00|0.00|0.00|0.00|0.00|0.00|0.00|50.00|2.586|01/01/0001|00|-|-|-|01/01/0001|0|0|1|
20130200|0102000288|22/02/2013||01|0002|0|0000029153|0|6|10088249475|MORA HUAMANI JACQUELINE ANGELA|61.87|11.13|0.00|0.00|0.00|0.00|0.00|0.00|0.00|73.00|2.586|01/01/0001|00|-|-|-|01/01/0001|0|0|1|
20130200|0102000287|22/02/2013||01|0001|0|0000012973|0|6|10305771401|ARIAS ZUÑIGA HERMES JUAN|10.17|1.83|0.00|0.00|0.00|0.00|0.00|0.00|0.00|12.00|2.586|01/01/0001|00|-|-|-|01/01/0001|0|0|1|
20130200|0102000286|22/02/2013||01|0001|0|0000012975|0|6|10305771401|ARIAS ZUÑIGA HERMES JUAN|30.51|5.49|0.00|0.00|0.00|0.00|0.00|0.00|0.00|36.00|2.586|01/01/0001|00|-|-|-|01/01/0001|0|0|1|
20130200|0102000290|22/02/2013||01|0001|0|0000018028|0|6|20514330761|BOTICA IGFARMA SAC|72.69|13.09|0.00|0.00|0.00|0.00|0.00|0.00|0.00|85.78|0.000|01/01/0001|00|-|-|-|01/01/0001|0|0|1|
20130200|0102000393|23/02/2013||01|0005|0|0000059082|0|6|20147720492|LABORATORIOS ROE S.A|64.41|11.59|0.00|0.00|0.00|0.00|0.00|0.00|0.00|76.00|2.583|01/01/0001|00|-|-|-|01/01/0001|0|0|1|
20130200|0102000396|23/02/2013||01|0005|0|0000059085|0|6|20147720492|LABORATORIOS ROE S.A|64.41|11.59|0.00|0.00|0.00|0.00|0.00|0.00|0.00|76.00|2.583|01/01/0001|00|-|-|-|01/01/0001|0|0|1|
20130200|0102000398|23/02/2013||01|0005|0|0000059087|0|6|20147720492|LABORATORIOS ROE S.A|64.41|11.59|0.00|0.00|0.00|0.00|0.00|0.00|0.00|76.00|2.583|01/01/0001|00|-|-|-|01/01/0001|0|0|1|
20130200|0102000399|23/02/2013||01|0005|0|0000059088|0|6|20147720492|LABORATORIOS ROE S.A|64.41|11.59|0.00|0.00|0.00|0.00|0.00|0.00|0.00|76.00|2.583|01/01/0001|00|-|-|-|01/01/0001|0|0|1|
20130200|0102000322|23/02/2013||01|0001|0|0000000772|0|6|20516305054|FERRETERIA MOYA E HIJOS S.A.C.|174.58|31.42|0.00|0.00|0.00|0.00|0.00|0.00|0.00|206.00|2.583|01/01/0001|00|-|-|-|01/01/0001|0|0|1|
20130200|0102000293|23/02/2013||01|0001|0|0000018033|0|6|20514330761|BOTICA IGFARMA SAC|547.93|98.63|0.00|0.00|0.00|0.00|0.00|0.00|0.00|646.56|0.000|01/01/0001|00|-|-|-|01/01/0001|0|0|1|
20130200|0102000333|23/02/2013||12|0403|0|0000247963|0|6|20100373956|POLLOS PARRILLADAS GOURMET S.A.|18.90|3.40|0.00|0.00|0.00|0.00|0.00|0.00|0.00|22.30|2.583|01/01/0001|00|-|-|-|01/01/0001|0|0|1|
20130200|0102000323|23/02/2013||01|0001|0|0000000759|0|6|20547359799|LAVA SPEED S.A.C.|1124.60|202.43|0.00|0.00|0.00|0.00|0.00|0.00|0.00|1327.03|2.583|01/01/0001|00|-|-|-|05/03/2013|0134797222|0|1|
20130200|0102000324|23/02/2013||01|0001|0|0000000760|0|6|20547359799|LAVA SPEED S.A.C.|123.90|22.30|0.00|0.00|0.00|0.00|0.00|0.00|0.00|146.20|2.583|01/01/0001|00|-|-|-|05/03/2013|0134797222|0|1|
20130200|0102000391|23/02/2013||01|0005|0|0000059076|0|6|20147720492|LABORATORIOS ROE S.A|17.80|3.20|0.00|0.00|0.00|0.00|0.00|0.00|0.00|21.00|2.583|01/01/0001|00|-|-|-|01/01/0001|0|0|1|
20130200|0102000392|23/02/2013||01|0005|0|0000059081|0|6|20147720492|LABORATORIOS ROE S.A|64.41|11.59|0.00|0.00|0.00|0.00|0.00|0.00|0.00|76.00|2.583|01/01/0001|00|-|-|-|01/01/0001|0|0|1|
20130200|0102000394|23/02/2013||01|0005|0|0000059083|0|6|20147720492|LABORATORIOS ROE S.A|64.41|11.59|0.00|0.00|0.00|0.00|0.00|0.00|0.00|76.00|2.583|01/01/0001|00|-|-|-|01/01/0001|0|0|1|
20130200|0102000395|23/02/2013||01|0005|0|0000059084|0|6|20147720492|LABORATORIOS ROE S.A|64.41|11.59|0.00|0.00|0.00|0.00|0.00|0.00|0.00|76.00|2.583|01/01/0001|00|-|-|-|01/01/0001|0|0|1|
20130200|0102000397|23/02/2013||01|0005|0|0000059086|0|6|20147720492|LABORATORIOS ROE S.A|64.41|11.59|0.00|0.00|0.00|0.00|0.00|0.00|0.00|76.00|2.583|01/01/0001|00|-|-|-|01/01/0001|0|0|1|
20130200|0102000294|23/02/2013||01|0001|0|0000018034|0|6|20514330761|BOTICA IGFARMA SAC|295.92|53.27|0.00|0.00|0.00|0.00|0.00|0.00|0.00|349.19|0.000|01/01/0001|00|-|-|-|01/01/0001|0|0|1|
20130200|0102000295|24/02/2013||01|0001|0|0000018039|0|6|20514330761|BOTICA IGFARMA SAC|248.58|44.74|0.00|0.00|0.00|0.00|0.00|0.00|0.00|293.32|0.000|01/01/0001|00|-|-|-|01/01/0001|0|0|1|
20130200|0102000325|24/02/2013||01|0421|0|0000042498|0|6|20338570041|PRAXAIR PERU S.R.L.|55.90|10.06|0.00|0.00|0.00|0.00|0.00|0.00|0.00|65.96|2.583|01/01/0001|00|-|-|-|01/01/0001|0|0|1|
20130200|0102000334|24/02/2013||12|0005|0|0000200830|0|6|20388829452|LASINO S.A.|10.24|1.85|0.00|0.00|0.00|0.00|0.91|0.00|0.00|13.00|2.583|01/01/0001|00|-|-|-|01/01/0001|0|0|1|
20130200|0102000335|24/02/2013||12|0005|0|0000200840|0|6|20388829452|LASINO S.A.|11.02|1.99|0.00|0.00|0.00|0.00|0.99|0.00|0.00|14.00|2.583|01/01/0001|00|-|-|-|01/01/0001|0|0|1|
20130200|0102000321|25/02/2013||01|0001|0|0000000237|0|6|20510945817|ACT EARLY S.R.L.|4203.39|756.61|0.00|0.00|0.00|0.00|0.00|0.00|0.00|4960.00|2.583|01/01/0001|00|-|-|-|26/02/2013|0134239264|0|1|
20130200|0102000329|25/02/2013||01|0001|0|0000001219|0|6|10077996406|ROUILLON GALLESE MARIA ELENA|782.20|140.80|0.00|0.00|0.00|0.00|0.00|0.00|0.00|923.00|2.583|01/01/0001|00|-|-|-|26/02/2013|0134239609|0|1|
20130200|0102000330|25/02/2013||01|0001|0|0000001220|0|6|10077996406|ROUILLON GALLESE MARIA ELENA|155.08|27.92|0.00|0.00|0.00|0.00|0.00|0.00|0.00|183.00|2.583|01/01/0001|00|-|-|-|26/02/2013|0134239609|0|1|
20130200|0102000300|25/02/2013||01|0001|0|0000000464|0|6|20515827723|DAXLEY DEL PERU S.A.C.|10953.53|1971.64|0.00|0.00|0.00|0.00|0.00|0.00|0.00|12925.17|2.583|01/01/0001|00|-|-|-|01/01/0001|0|0|1|
20130200|0102000337|25/02/2013||01|0001|0|0000000463|0|6|20515827723|DAXLEY DEL PERU S.A.C.|7500.00|1350.00|0.00|0.00|0.00|0.00|0.00|0.00|0.00|8850.00|2.583|01/01/0001|00|-|-|-|01/01/0001|0|0|1|
20130200|0102000326|25/02/2013||01|0436|0|0000015866|0|6|20338570041|PRAXAIR PERU S.R.L.|111.80|20.12|0.00|0.00|0.00|0.00|0.00|0.00|0.00|131.92|2.583|01/01/0001|00|-|-|-|01/01/0001|0|0|1|
20130200|0102000328|25/02/2013||01|0002|0|0000001772|0|6|20513383593|PROYECTOS ECOLOGICOS E INDUSTRIALES DAHEMO S.A.C.|847.46|152.54|0.00|0.00|0.00|0.00|0.00|0.00|0.00|1000.00|2.583|01/01/0001|00|-|-|-|05/03/2013|0134796997|0|1|
20130200|0102000298|25/02/2013||01|0001|0|0000000369|0|6|20518223403|JMAK S.A.C.|757.63|136.37|0.00|0.00|0.00|0.00|0.00|0.00|0.00|894.00|2.583|01/01/0001|00|-|-|-|01/01/0001|0|0|1|
20130200|0102000305|25/02/2013||01|0001|0|0000018044|0|6|20514330761|BOTICA IGFARMA SAC|146.87|26.44|0.00|0.00|0.00|0.00|0.00|0.00|0.00|173.31|2.583|01/01/0001|00|-|-|-|01/01/0001|0|0|1|
20130200|0102000304|25/02/2013||01|0001|0|0000018043|0|6|20514330761|BOTICA IGFARMA SAC|134.46|24.20|0.00|0.00|0.00|0.00|0.00|0.00|0.00|158.66|2.583|01/01/0001|00|-|-|-|01/01/0001|0|0|1|
20130200|0102000306|25/02/2013||01|0001|0|0000018045|0|6|20514330761|BOTICA IGFARMA SAC|135.10|24.32|0.00|0.00|0.00|0.00|0.00|0.00|0.00|159.42|2.583|01/01/0001|00|-|-|-|01/01/0001|0|0|1|
20130200|0102000301|25/02/2013||01|0001|0|0000018040|0|6|20514330761|BOTICA IGFARMA SAC|403.43|72.62|0.00|0.00|0.00|0.00|0.00|0.00|0.00|476.05|2.583|01/01/0001|00|-|-|-|01/01/0001|0|0|1|
20130200|0102000400|25/02/2013||01|0005|0|0000059096|0|6|20147720492|LABORATORIOS ROE S.A|78.81|14.19|0.00|0.00|0.00|0.00|0.00|0.00|0.00|93.00|2.583|01/01/0001|00|-|-|-|01/01/0001|0|0|1|
20130200|0102000336|25/02/2013||12|0065|0|0000002202|0|6|20127765279|COESTI S.A.|16.95|3.05|0.00|0.00|0.00|0.00|0.00|0.00|0.00|20.00|2.583|01/01/0001|00|-|-|-|01/01/0001|0|0|1|
20130200|0102000385|25/02/2013||01|0001|0|0000000264|0|6|10100193171|QUISPE PARRA CESAR FELIPE|50.00|9.00|0.00|0.00|0.00|0.00|0.00|0.00|0.00|59.00|2.583|01/01/0001|00|-|-|-|01/01/0001|0|0|1|
20130200|0102000299|25/02/2013||01|0004|0|0000003657|0|6|20545274621|LA ESTRELLITA HNOS SRL|28.81|5.19|0.00|0.00|0.00|0.00|0.00|0.00|0.00|34.00|2.583|01/01/0001|00|-|-|-|01/01/0001|0|0|1|
20130200|0102000327|25/02/2013||01|0001|0|0000000035|0|6|20543745180|REDBOX S.A.C|271.19|48.81|0.00|0.00|0.00|0.00|0.00|0.00|0.00|320.00|2.583|01/01/0001|00|-|-|-|01/01/0001|0|0|1|
20130200|0102000302|25/02/2013||01|0001|0|0000018041|0|6|20514330761|BOTICA IGFARMA SAC|206.25|37.12|0.00|0.00|0.00|0.00|0.00|0.00|0.00|243.37|0.000|01/01/0001|00|-|-|-|01/01/0001|0|0|1|
20130200|0102000303|25/02/2013||01|0001|0|0000018042|0|6|20514330761|BOTICA IGFARMA SAC|76.96|13.85|0.00|0.00|0.00|0.00|0.00|0.00|0.00|90.81|0.000|01/01/0001|00|-|-|-|01/01/0001|0|0|1|
20130200|0102000339|26/02/2013||01|0001|0|0000018048|0|6|20514330761|BOTICA IGFARMA SAC|142.32|25.62|0.00|0.00|0.00|0.00|0.00|0.00|0.00|167.94|2.583|01/01/0001|00|-|-|-|01/01/0001|0|0|1|
20130200|0102000340|26/02/2013||01|0001|0|0000018049|0|6|20514330761|BOTICA IGFARMA SAC|1.89|0.34|0.00|0.00|0.00|0.00|0.00|0.00|0.00|2.23|2.583|01/01/0001|00|-|-|-|01/01/0001|0|0|1|
20130200|0102000404|26/02/2013||12|0017|0|0001020442|0|6|20101087647|BEMBOS S.A.C.|12.36|2.23|0.00|0.00|0.00|0.00|0.31|0.00|0.00|14.90|2.583|01/01/0001|00|-|-|-|01/01/0001|0|0|1|
20130200|0102000338|26/02/2013||01|0001|0|0000000465|0|6|20515827723|DAXLEY DEL PERU S.A.C.|3150.00|567.00|0.00|0.00|0.00|0.00|0.00|0.00|0.00|3717.00|2.583|01/01/0001|00|-|-|-|01/01/0001|0|0|1|
20130200|0102000359|26/02/2013||01|0002|0|0000029730|0|6|20109161609|ROKER PERU S.A.|403.39|72.61|0.00|0.00|0.00|0.00|0.00|0.00|0.00|476.00|2.583|01/01/0001|00|-|-|-|01/01/0001|0|0|1|
20130200|0102000401|26/02/2013||01|0005|0|0000059109|0|6|20147720492|LABORATORIOS ROE S.A|78.81|14.19|0.00|0.00|0.00|0.00|0.00|0.00|0.00|93.00|2.583|01/01/0001|00|-|-|-|01/01/0001|0|0|1|
20130200|0102000341|26/02/2013||01|0001|0|0000018050|0|6|20514330761|BOTICA IGFARMA SAC|149.93|26.99|0.00|0.00|0.00|0.00|0.00|0.00|0.00|176.92|0.000|01/01/0001|00|-|-|-|01/01/0001|0|0|1|
20130200|0102000343|26/02/2013||01|0001|0|0000018052|0|6|20514330761|BOTICA IGFARMA SAC|160.99|28.98|0.00|0.00|0.00|0.00|0.00|0.00|0.00|189.97|0.000|01/01/0001|00|-|-|-|01/01/0001|0|0|1|
20130200|0102000384|27/02/2013||01|0001|0|0000000768|0|6|20509811939|METALACRILICOS SANCHEZ E.I.R.L.|258.05|46.45|0.00|0.00|0.00|0.00|0.00|0.00|0.00|304.50|2.583|01/01/0001|00|-|-|-|01/01/0001|0|0|1|
20130200|0102000386|27/02/2013||01|0436|0|0000015883|0|6|20338570041|PRAXAIR PERU S.R.L.|167.71|30.19|0.00|0.00|0.00|0.00|0.00|0.00|0.00|197.90|2.583|01/01/0001|00|-|-|-|01/01/0001|0|0|1|
20130200|0102000345|27/02/2013||01|0001|0|0000018058|0|6|20514330761|BOTICA IGFARMA SAC|196.20|35.32|0.00|0.00|0.00|0.00|0.00|0.00|0.00|231.52|2.583|01/01/0001|00|-|-|-|01/01/0001|0|0|1|
20130200|0102000344|27/02/2013||01|0001|0|0000018057|0|6|20514330761|BOTICA IGFARMA SAC|164.29|29.57|0.00|0.00|0.00|0.00|0.00|0.00|0.00|193.86|2.583|01/01/0001|00|-|-|-|01/01/0001|0|0|1|
20130200|0102000402|27/02/2013||01|0005|0|0000059123|0|6|20147720492|LABORATORIOS ROE S.A|146.61|26.39|0.00|0.00|0.00|0.00|0.00|0.00|0.00|173.00|2.583|01/01/0001|00|-|-|-|01/01/0001|0|0|1|
20130200|0102000357|27/02/2013||01|0001|0|0000000786|0|6|20520719173|ESTERILIZACION MEDICA SAC|122.00|21.96|0.00|0.00|0.00|0.00|0.00|0.00|0.00|143.96|2.583|01/01/0001|00|-|-|-|01/01/0001|0|0|1|
20130200|0102000346|27/02/2013||01|0001|0|0000018059|0|6|20514330761|BOTICA IGFARMA SAC|491.06|88.39|0.00|0.00|0.00|0.00|0.00|0.00|0.00|579.45|0.000|01/01/0001|00|-|-|-|01/01/0001|0|0|1|
20130200|0102000349|28/02/2013||01|0001|0|0000018065|0|6|20514330761|BOTICA IGFARMA SAC|444.12|79.94|0.00|0.00|0.00|0.00|0.00|0.00|0.00|524.06|2.581|01/01/0001|00|-|-|-|01/01/0001|0|0|1|
20130200|0102000426|28/02/2013||13|0001|0|0003943882|0|6|20341198217|COMPAÑIA PERUANA DE MEDIOS DE PAGO S.A.|1744.13|313.94|0.00|0.00|0.00|0.00|0.00|0.00|0.00|2058.07|2.581|01/01/0001|00|-|-|-|01/01/0001|0|0|1|
20130200|0102000361|28/02/2013||01|0001|0|0000000566|0|6|10101634197|CUENTAS ICHO YONG WILMER|156.86|28.24|0.00|0.00|0.00|0.00|0.00|0.00|0.00|185.10|2.581|01/01/0001|00|-|-|-|01/01/0001|0|0|1|
20130200|0102000422|28/02/2013||01|0001|0|0000000650|0|6|20512949399|ANESTESIOLOGIA AVANZADA S.A.C.|4380.37|788.47|0.00|0.00|0.00|0.00|0.00|0.00|0.00|5168.84|2.581|01/01/0001|00|-|-|-|07/03/2013|0135042646|0|1|
20130200|0102000423|28/02/2013||01|0001|0|0000000651|0|6|20512949399|ANESTESIOLOGIA AVANZADA S.A.C.|3933.91|708.10|0.00|0.00|0.00|0.00|0.00|0.00|0.00|4642.01|2.581|01/01/0001|00|-|-|-|07/03/2013|0135042646|0|1|
20130200|0102000424|28/02/2013||01|0001|0|0000000652|0|6|20512949399|ANESTESIOLOGIA AVANZADA S.A.C.|4514.32|812.58|0.00|0.00|0.00|0.00|0.00|0.00|0.00|5326.90|2.581|01/01/0001|00|-|-|-|07/03/2013|0135042646|0|1|
20130200|0102000387|28/02/2013||01|0001|0|0000962320|0|6|20332970411|EL PACIFICO VIDA CIA DE SEGUROS Y REASEG.SA|479.51|86.31|0.00|0.00|0.00|0.00|0.00|0.00|0.00|565.82|2.581|01/01/0001|00|-|-|-|01/01/0001|0|0|1|
20130200|0102000388|28/02/2013||01|0001|0|0000962321|0|6|20332970411|EL PACIFICO VIDA CIA DE SEGUROS Y REASEG.SA|469.21|84.46|0.00|0.00|0.00|0.00|0.00|0.00|0.00|553.67|2.581|01/01/0001|00|-|-|-|01/01/0001|0|0|1|
20130200|0102000358|28/02/2013||01|0001|0|0000029489|0|6|20510716974|CORPORACION WORLD IMPORT EIRL|767.80|138.20|0.00|0.00|0.00|0.00|0.00|0.00|0.00|906.00|2.581|01/01/0001|00|-|-|-|01/01/0001|0|0|1|
20130200|0102000427|28/02/2013||13|0001|0|0001286469|0|6|20467737300|COMPAÑIA DE SERVICIOS CONEXOS EXPRESSNET S.A.C.|310.32|55.86|0.00|0.00|0.00|0.00|0.00|0.00|0.00|366.18|2.581|01/01/0001|00|-|-|-|01/01/0001|0|0|1|
20130200|0102000403|28/02/2013||01|0005|0|0000059129|0|6|20147720492|LABORATORIOS ROE S.A|78.81|14.19|0.00|0.00|0.00|0.00|0.00|0.00|0.00|93.00|2.581|01/01/0001|00|-|-|-|01/01/0001|0|0|1|
20130200|0102000425|28/02/2013||01|0001|0|0000027462|0|6|20161950069|BIO PAP SERVICE S.A.C.|3271.01|588.78|0.00|0.00|0.00|0.00|0.00|0.00|0.00|3859.79|2.581|01/01/0001|00|-|-|-|07/03/2013|0135042895|0|1|
20130200|0102000350|28/02/2013||01|0001|0|0000018066|0|6|20514330761|BOTICA IGFARMA SAC|253.64|45.66|0.00|0.00|0.00|0.00|0.00|0.00|0.00|299.30|0.000|01/01/0001|00|-|-|-|01/01/0001|0|0|1|
20130200|0102000351|28/02/2013||01|0001|0|0000018067|0|6|20514330761|BOTICA IGFARMA SAC|98.03|17.65|0.00|0.00|0.00|0.00|0.00|0.00|0.00|115.68|0.000|01/01/0001|00|-|-|-|01/01/0001|0|0|1|
20130200|0102000352|28/02/2013||01|0001|0|0000018068|0|6|20514330761|BOTICA IGFARMA SAC|147.78|26.60|0.00|0.00|0.00|0.00|0.00|0.00|0.00|174.38|0.000|01/01/0001|00|-|-|-|01/01/0001|0|0|1|
20130200|0102000353|28/02/2013||01|0001|0|0000018070|0|6|20514330761|BOTICA IGFARMA SAC|794.24|142.96|0.00|0.00|0.00|0.00|0.00|0.00|0.00|937.20|0.000|01/01/0001|00|-|-|-|01/01/0001|0|0|1|
20130200|0102000354|28/02/2013||01|0001|0|0000018071|0|6|20514330761|BOTICA IGFARMA SAC|417.55|75.16|0.00|0.00|0.00|0.00|0.00|0.00|0.00|492.71|0.000|01/01/0001|00|-|-|-|01/01/0001|0|0|1|
20130200|0102000355|28/02/2013||01|0001|0|0000018072|0|6|20514330761|BOTICA IGFARMA SAC|227.49|40.95|0.00|0.00|0.00|0.00|0.00|0.00|0.00|268.44|0.000|01/01/0001|00|-|-|-|01/01/0001|0|0|1|
